coin,dataset,direction,distance,n,hits,realized,predicted_mean,realized_over_predicted,wilson_lo95,wilson_hi95,underpriced_significant,mean_sigma,v3_priced_in_sample,v3_pass_in_sample,v3_oos_n_test,v3_oos_realized_test,v3_oos_priced_test,v3_oos_pass,v4_priced_in_sample,v4_pass_in_sample,v4_oos_n_test,v4_oos_realized_test,v4_oos_priced_test,v4_oos_pass,v4n100_priced_in_sample,v4n100_pass_in_sample,v4n100_oos_n_test,v4n100_oos_realized_test,v4n100_oos_priced_test,v4n100_oos_pass,v4n1000_priced_in_sample,v4n1000_pass_in_sample,v4n1000_oos_n_test,v4n1000_oos_realized_test,v4n1000_oos_priced_test,v4n1000_oos_pass,v4m_priced_in_sample,v4m_pass_in_sample,v4m_oos_n_test,v4m_oos_realized_test,v4m_oos_priced_test,v4m_oos_pass,v4i_priced_in_sample,v4i_pass_in_sample,v4i_oos_n_test,v4i_oos_realized_test,v4i_oos_priced_test,v4i_oos_pass,v3p_priced_in_sample,v3p_pass_in_sample,v3p_oos_n_test,v3p_oos_realized_test,v3p_oos_priced_test,v3p_oos_pass,v4@1d_priced_in_sample,v4@1d_pass_in_sample,v4@1d_oos_n_test,v4@1d_oos_realized_test,v4@1d_oos_priced_test,v4@1d_oos_pass
BTC,1h,down,0.010,4282,150,0.035030,0.03877942,0.903,0.030695,0.039953,False,0.4261,0.048472,True,2141,0.025222,0.046126,True,0.048472,True,2141,0.025222,0.046126,True,0.048472,True,2141,0.025222,0.046126,True,0.048472,True,2141,0.025222,0.046445,True,0.048472,True,2141,0.025222,0.046126,True,0.048345,True,2141,0.025222,0.045637,True,0.048340,True,2141,0.025222,0.045533,True,,,,,,
BTC,1h,down,0.020,4282,16,0.003737,0.00170844,2.187,0.002485,0.005615,True,0.4261,0.007020,True,2141,0.002335,0.007005,True,0.007020,True,2141,0.002335,0.007005,True,0.007020,True,2141,0.002335,0.007005,True,0.007020,True,2141,0.002335,0.007015,True,0.007020,True,2141,0.002335,0.007005,True,0.006918,True,2141,0.002335,0.006871,True,0.006824,True,2141,0.002335,0.006422,True,,,,,,
BTC,1h,down,0.030,4282,1,0.000234,0.00012767,1.829,0.000052,0.001046,False,0.4261,0.001549,True,2141,0.000000,0.001479,True,0.001549,True,2141,0.000000,0.001479,True,0.001549,True,2141,0.000000,0.001479,True,0.001549,True,2141,0.000000,0.001481,True,0.001549,True,2141,0.000000,0.001479,True,0.001535,True,2141,0.000000,0.001446,True,0.001525,True,2141,0.000000,0.001398,True,,,,,,
BTC,1h,down,0.050,4282,1,0.000234,0.00000025,925.121,0.000052,0.001046,True,0.4261,0.000234,False,2141,0.000000,0.000277,True,0.000234,False,2141,0.000000,0.000277,True,0.000234,False,2141,0.000000,0.000277,True,0.000234,False,2141,0.000000,0.000277,True,0.000234,False,2141,0.000000,0.000277,True,0.000233,False,2141,0.000000,0.000277,True,0.000233,False,2141,0.000000,0.000272,True,,,,,,
BTC,1h,down,0.075,4282,0,0.000000,0.00000000,0.000,0.000000,0.000631,False,0.4261,0.000117,True,2141,0.000000,0.000194,True,0.000117,True,2141,0.000000,0.000194,True,0.000117,True,2141,0.000000,0.000194,True,0.000117,True,2141,0.000000,0.000194,True,0.000117,True,2141,0.000000,0.000194,True,0.000117,True,2141,0.000000,0.000194,True,0.000117,True,2141,0.000000,0.000194,True,,,,,,
BTC,1h,down,0.100,4282,0,0.000000,0.00000000,0.000,0.000000,0.000631,False,0.4261,0.000109,True,2141,0.000000,0.000190,True,0.000109,True,2141,0.000000,0.000190,True,0.000109,True,2141,0.000000,0.000190,True,0.000109,True,2141,0.000000,0.000190,True,0.000109,True,2141,0.000000,0.000190,True,0.000109,True,2141,0.000000,0.000190,True,0.000109,True,2141,0.000000,0.000190,True,,,,,,
BTC,1h,down,0.150,4282,0,0.000000,0.00000000,0.000,0.000000,0.000631,False,0.4261,0.000109,True,2141,0.000000,0.000190,True,0.000109,True,2141,0.000000,0.000190,True,0.000109,True,2141,0.000000,0.000190,True,0.000109,True,2141,0.000000,0.000190,True,0.000109,True,2141,0.000000,0.000190,True,0.000109,True,2141,0.000000,0.000190,True,0.000109,True,2141,0.000000,0.000190,True,,,,,,
BTC,1h,down,0.200,4282,0,0.000000,0.00000000,0.000,0.000000,0.000631,False,0.4261,0.000109,True,2141,0.000000,0.000190,True,0.000109,True,2141,0.000000,0.000190,True,0.000109,True,2141,0.000000,0.000190,True,0.000109,True,2141,0.000000,0.000190,True,0.000109,True,2141,0.000000,0.000190,True,0.000109,True,2141,0.000000,0.000190,True,0.000109,True,2141,0.000000,0.000190,True,,,,,,
BTC,1h,up,0.010,4282,139,0.032461,0.03989643,0.814,0.028294,0.037220,False,0.4261,0.048094,True,2141,0.025689,0.045265,True,0.048094,True,2141,0.025689,0.045265,True,0.048094,True,2141,0.025689,0.045265,True,0.048094,True,2141,0.025689,0.045339,True,0.048094,True,2141,0.025689,0.045265,True,0.047878,True,2141,0.025689,0.043131,True,0.047394,True,2141,0.025689,0.041220,True,,,,,,
BTC,1h,up,0.020,4282,20,0.004671,0.00185159,2.523,0.003242,0.006725,True,0.4261,0.006426,True,2141,0.003737,0.006134,True,0.006426,True,2141,0.003737,0.006163,True,0.006426,True,2141,0.003737,0.006163,True,0.006426,True,2141,0.003737,0.006163,True,0.006426,True,2141,0.003737,0.005523,True,0.006417,True,2141,0.003737,0.005704,True,0.006180,True,2141,0.003737,0.005013,True,,,,,,
BTC,1h,up,0.030,4282,6,0.001401,0.00015717,8.916,0.000725,0.002707,True,0.4261,0.001516,True,2141,0.001868,0.001118,False,0.001516,True,2141,0.001868,0.001244,False,0.001516,True,2141,0.001868,0.001244,False,0.001516,True,2141,0.001868,0.001244,False,0.001516,True,2141,0.001868,0.000796,False,0.001516,True,2141,0.001868,0.001080,False,0.001487,True,2141,0.001868,0.001004,False,,,,,,
BTC,1h,up,0.050,4282,1,0.000234,0.00000055,425.501,0.000052,0.001046,True,0.4261,0.000323,True,2141,0.000467,0.000146,False,0.000323,True,2141,0.000467,0.000272,False,0.000323,True,2141,0.000467,0.000272,False,0.000323,True,2141,0.000467,0.000272,False,0.000323,True,2141,0.000467,0.000236,False,0.000323,True,2141,0.000467,0.000142,False,0.000317,True,2141,0.000467,0.000134,False,,,,,,
BTC,1h,up,0.075,4282,0,0.000000,0.00000000,0.000,0.000000,0.000631,False,0.4261,0.000221,True,2141,0.000000,0.000074,True,0.000221,True,2141,0.000000,0.000201,True,0.000221,True,2141,0.000000,0.000201,True,0.000221,True,2141,0.000000,0.000201,True,0.000221,True,2141,0.000000,0.000196,True,0.000221,True,2141,0.000000,0.000074,True,0.000221,True,2141,0.000000,0.000074,True,,,,,,
BTC,1h,up,0.100,4282,0,0.000000,0.00000000,0.000,0.000000,0.000631,False,0.4261,0.000210,True,2141,0.000000,0.000070,True,0.000210,True,2141,0.000000,0.000196,True,0.000210,True,2141,0.000000,0.000196,True,0.000210,True,2141,0.000000,0.000196,True,0.000210,True,2141,0.000000,0.000196,True,0.000210,True,2141,0.000000,0.000070,True,0.000210,True,2141,0.000000,0.000070,True,,,,,,
BTC,1h,up,0.150,4282,0,0.000000,0.00000000,0.000,0.000000,0.000631,False,0.4261,0.000209,True,2141,0.000000,0.000070,True,0.000209,True,2141,0.000000,0.000196,True,0.000209,True,2141,0.000000,0.000196,True,0.000209,True,2141,0.000000,0.000196,True,0.000209,True,2141,0.000000,0.000196,True,0.000209,True,2141,0.000000,0.000070,True,0.000209,True,2141,0.000000,0.000070,True,,,,,,
BTC,1h,up,0.200,4282,0,0.000000,0.00000000,0.000,0.000000,0.000631,False,0.4261,0.000209,True,2141,0.000000,0.000070,True,0.000209,True,2141,0.000000,0.000196,True,0.000209,True,2141,0.000000,0.000196,True,0.000209,True,2141,0.000000,0.000196,True,0.000209,True,2141,0.000000,0.000196,True,0.000209,True,2141,0.000000,0.000070,True,0.000209,True,2141,0.000000,0.000070,True,,,,,,
ETH,1h,down,0.010,4282,283,0.066091,0.10249139,0.645,0.060116,0.072614,False,0.5690,0.105608,True,2141,0.047641,0.095396,True,0.105608,True,2141,0.047641,0.095396,True,0.105608,True,2141,0.047641,0.095396,True,0.105608,True,2141,0.047641,0.095670,True,0.105608,True,2141,0.047641,0.095396,True,0.105593,True,2141,0.047641,0.095345,True,0.105608,True,2141,0.047641,0.095396,True,,,,,,
ETH,1h,down,0.020,4282,51,0.011910,0.00657224,1.812,0.009475,0.014962,True,0.5690,0.015950,True,2141,0.007006,0.017061,True,0.015950,True,2141,0.007006,0.017061,True,0.015950,True,2141,0.007006,0.017061,True,0.015950,True,2141,0.007006,0.017167,True,0.015950,True,2141,0.007006,0.017061,True,0.015579,True,2141,0.007006,0.015912,True,0.015262,True,2141,0.007006,0.014983,True,,,,,,
ETH,1h,down,0.030,4282,11,0.002569,0.00083983,3.059,0.001573,0.004193,True,0.5690,0.004754,True,2141,0.001868,0.005084,True,0.004754,True,2141,0.001868,0.005084,True,0.004754,True,2141,0.001868,0.005084,True,0.004754,True,2141,0.001868,0.005095,True,0.004754,True,2141,0.001868,0.005084,True,0.004717,True,2141,0.001868,0.005043,True,0.004692,True,2141,0.001868,0.004826,True,,,,,,
ETH,1h,down,0.050,4282,2,0.000467,0.00001510,30.939,0.000155,0.001410,True,0.5690,0.000546,True,2141,0.000467,0.000603,True,0.000546,True,2141,0.000467,0.000603,True,0.000546,True,2141,0.000467,0.000603,True,0.000546,True,2141,0.000467,0.000605,True,0.000546,True,2141,0.000467,0.000603,True,0.000540,True,2141,0.000467,0.000589,True,0.000534,True,2141,0.000467,0.000564,True,,,,,,
ETH,1h,down,0.075,4282,0,0.000000,0.00000005,0.000,0.000000,0.000631,False,0.5690,0.000172,True,2141,0.000000,0.000261,True,0.000172,True,2141,0.000000,0.000261,True,0.000172,True,2141,0.000000,0.000261,True,0.000172,True,2141,0.000000,0.000261,True,0.000172,True,2141,0.000000,0.000261,True,0.000172,True,2141,0.000000,0.000261,True,0.000172,True,2141,0.000000,0.000257,True,,,,,,
ETH,1h,down,0.100,4282,0,0.000000,0.00000000,0.000,0.000000,0.000631,False,0.5690,0.000116,True,2141,0.000000,0.000203,True,0.000116,True,2141,0.000000,0.000203,True,0.000116,True,2141,0.000000,0.000203,True,0.000116,True,2141,0.000000,0.000203,True,0.000116,True,2141,0.000000,0.000203,True,0.000116,True,2141,0.000000,0.000203,True,0.000116,True,2141,0.000000,0.000202,True,,,,,,
ETH,1h,down,0.150,4282,0,0.000000,0.00000000,0.000,0.000000,0.000631,False,0.5690,0.000109,True,2141,0.000000,0.000190,True,0.000109,True,2141,0.000000,0.000190,True,0.000109,True,2141,0.000000,0.000190,True,0.000109,True,2141,0.000000,0.000190,True,0.000109,True,2141,0.000000,0.000190,True,0.000109,True,2141,0.000000,0.000190,True,0.000109,True,2141,0.000000,0.000190,True,,,,,,
ETH,1h,down,0.200,4282,0,0.000000,0.00000000,0.000,0.000000,0.000631,False,0.5690,0.000109,True,2141,0.000000,0.000190,True,0.000109,True,2141,0.000000,0.000190,True,0.000109,True,2141,0.000000,0.000190,True,0.000109,True,2141,0.000000,0.000190,True,0.000109,True,2141,0.000000,0.000190,True,0.000109,True,2141,0.000000,0.000190,True,0.000109,True,2141,0.000000,0.000190,True,,,,,,
ETH,1h,up,0.010,4282,265,0.061887,0.10444136,0.593,0.056103,0.068225,False,0.5690,0.106626,True,2141,0.053246,0.094378,True,0.106626,True,2141,0.053246,0.094378,True,0.106626,True,2141,0.053246,0.094378,True,0.106626,True,2141,0.053246,0.094467,True,0.106626,True,2141,0.053246,0.094378,True,0.106509,True,2141,0.053246,0.093154,True,0.106250,True,2141,0.053246,0.092396,True,,,,,,
ETH,1h,up,0.020,4282,52,0.012144,0.00706097,1.720,0.009682,0.015221,True,0.5690,0.016121,True,2141,0.010276,0.016361,True,0.016121,True,2141,0.010276,0.016361,True,0.016121,True,2141,0.010276,0.016361,True,0.016121,True,2141,0.010276,0.016382,True,0.016121,True,2141,0.010276,0.016179,True,0.016105,True,2141,0.010276,0.015853,True,0.015945,True,2141,0.010276,0.014819,True,,,,,,
ETH,1h,up,0.030,4282,20,0.004671,0.00096785,4.826,0.003242,0.006725,True,0.5690,0.004368,False,2141,0.004204,0.004474,True,0.004368,False,2141,0.004204,0.004514,True,0.004368,False,2141,0.004204,0.004514,True,0.004368,False,2141,0.004204,0.004514,True,0.004368,False,2141,0.004204,0.003477,False,0.004362,False,2141,0.004204,0.004216,True,0.004192,False,2141,0.004204,0.003789,False,,,,,,
ETH,1h,up,0.050,4282,5,0.001168,0.00002347,49.743,0.000569,0.002397,True,0.5690,0.000642,False,2141,0.001868,0.000473,False,0.000642,False,2141,0.001868,0.000602,False,0.000642,False,2141,0.001868,0.000602,False,0.000642,False,2141,0.001868,0.000602,False,0.000642,False,2141,0.001868,0.000527,False,0.000642,False,2141,0.001868,0.000452,False,0.000628,False,2141,0.001868,0.000410,False,,,,,,
ETH,1h,up,0.075,4282,1,0.000234,0.00000018,1324.161,0.000052,0.001046,True,0.5690,0.000275,True,2141,0.000467,0.000139,False,0.000275,True,2141,0.000467,0.000265,False,0.000275,True,2141,0.000467,0.000265,False,0.000275,True,2141,0.000467,0.000265,False,0.000275,True,2141,0.000467,0.000235,False,0.000275,True,2141,0.000467,0.000135,False,0.000273,True,2141,0.000467,0.000127,False,,,,,,
ETH,1h,up,0.100,4282,0,0.000000,0.00000000,0.000,0.000000,0.000631,False,0.5690,0.000220,True,2141,0.000000,0.000085,True,0.000220,True,2141,0.000000,0.000211,True,0.000220,True,2141,0.000000,0.000211,True,0.000220,True,2141,0.000000,0.000211,True,0.000220,True,2141,0.000000,0.000201,True,0.000220,True,2141,0.000000,0.000084,True,0.000220,True,2141,0.000000,0.000083,True,,,,,,
ETH,1h,up,0.150,4282,0,0.000000,0.00000000,0.000,0.000000,0.000631,False,0.5690,0.000210,True,2141,0.000000,0.000070,True,0.000210,True,2141,0.000000,0.000197,True,0.000210,True,2141,0.000000,0.000197,True,0.000210,True,2141,0.000000,0.000197,True,0.000210,True,2141,0.000000,0.000196,True,0.000210,True,2141,0.000000,0.000070,True,0.000210,True,2141,0.000000,0.000070,True,,,,,,
ETH,1h,up,0.200,4282,0,0.000000,0.00000000,0.000,0.000000,0.000631,False,0.5690,0.000209,True,2141,0.000000,0.000070,True,0.000209,True,2141,0.000000,0.000196,True,0.000209,True,2141,0.000000,0.000196,True,0.000209,True,2141,0.000000,0.000196,True,0.000209,True,2141,0.000000,0.000196,True,0.000209,True,2141,0.000000,0.000070,True,0.000209,True,2141,0.000000,0.000070,True,,,,,,
SOL,1h,down,0.010,4282,389,0.090845,0.13398615,0.678,0.083877,0.098330,False,0.6231,0.136582,True,2141,0.075199,0.129671,True,0.136582,True,2141,0.075199,0.129671,True,0.136582,True,2141,0.075199,0.129671,True,0.136582,True,2141,0.075199,0.130615,True,0.136582,True,2141,0.075199,0.129671,True,0.136566,True,2141,0.075199,0.129614,True,0.136582,True,2141,0.075199,0.129671,True,,,,,,
SOL,1h,down,0.020,4282,67,0.015647,0.01010304,1.549,0.012819,0.019086,True,0.6231,0.020607,True,2141,0.011210,0.021413,True,0.020607,True,2141,0.011210,0.021413,True,0.020607,True,2141,0.011210,0.021413,True,0.020607,True,2141,0.011210,0.021724,True,0.020607,True,2141,0.011210,0.021413,True,0.020366,True,2141,0.011210,0.020927,True,0.020208,True,2141,0.011210,0.020639,True,,,,,,
SOL,1h,down,0.030,4282,17,0.003970,0.00114928,3.454,0.002672,0.005894,True,0.6231,0.006244,True,2141,0.002802,0.006675,True,0.006244,True,2141,0.002802,0.006675,True,0.006244,True,2141,0.002802,0.006675,True,0.006244,True,2141,0.002802,0.006692,True,0.006244,True,2141,0.002802,0.006675,True,0.006143,True,2141,0.002802,0.006509,True,0.006051,True,2141,0.002802,0.006017,True,,,,,,
SOL,1h,down,0.050,4282,2,0.000467,0.00001773,26.338,0.000155,0.001410,True,0.6231,0.000823,True,2141,0.000467,0.000778,True,0.000823,True,2141,0.000467,0.000778,True,0.000823,True,2141,0.000467,0.000778,True,0.000823,True,2141,0.000467,0.000779,True,0.000823,True,2141,0.000467,0.000778,True,0.000812,True,2141,0.000467,0.000770,True,0.000801,True,2141,0.000467,0.000744,True,,,,,,
SOL,1h,down,0.075,4282,1,0.000234,0.00000002,9965.316,0.000052,0.001046,True,0.6231,0.000191,False,2141,0.000467,0.000230,False,0.000191,False,2141,0.000467,0.000230,False,0.000191,False,2141,0.000467,0.000230,False,0.000191,False,2141,0.000467,0.000230,False,0.000191,False,2141,0.000467,0.000230,False,0.000191,False,2141,0.000467,0.000230,False,0.000191,False,2141,0.000467,0.000228,False,,,,,,
SOL,1h,down,0.100,4282,1,0.000234,0.00000000,49272557.929,0.000052,0.001046,True,0.6231,0.000118,False,2141,0.000467,0.000194,False,0.000118,False,2141,0.000467,0.000194,False,0.000118,False,2141,0.000467,0.000194,False,0.000118,False,2141,0.000467,0.000194,False,0.000118,False,2141,0.000467,0.000194,False,0.000118,False,2141,0.000467,0.000194,False,0.000118,False,2141,0.000467,0.000194,False,,,,,,
SOL,1h,down,0.150,4282,0,0.000000,0.00000000,0.000,0.000000,0.000631,False,0.6231,0.000109,True,2141,0.000000,0.000190,True,0.000109,True,2141,0.000000,0.000190,True,0.000109,True,2141,0.000000,0.000190,True,0.000109,True,2141,0.000000,0.000190,True,0.000109,True,2141,0.000000,0.000190,True,0.000109,True,2141,0.000000,0.000190,True,0.000109,True,2141,0.000000,0.000190,True,,,,,,
SOL,1h,down,0.200,4282,0,0.000000,0.00000000,0.000,0.000000,0.000631,False,0.6231,0.000109,True,2141,0.000000,0.000190,True,0.000109,True,2141,0.000000,0.000190,True,0.000109,True,2141,0.000000,0.000190,True,0.000109,True,2141,0.000000,0.000190,True,0.000109,True,2141,0.000000,0.000190,True,0.000109,True,2141,0.000000,0.000190,True,0.000109,True,2141,0.000000,0.000190,True,,,,,,
SOL,1h,up,0.010,4282,367,0.085708,0.13601488,0.630,0.078930,0.093008,False,0.6231,0.138068,True,2141,0.074731,0.130541,True,0.138068,True,2141,0.074731,0.130541,True,0.138068,True,2141,0.074731,0.130541,True,0.138068,True,2141,0.074731,0.130910,True,0.138068,True,2141,0.074731,0.130541,True,0.137970,True,2141,0.074731,0.130028,True,0.137747,True,2141,0.074731,0.129466,True,,,,,,
SOL,1h,up,0.020,4282,79,0.018449,0.01090439,1.692,0.015358,0.022149,True,0.6231,0.020738,True,2141,0.014946,0.021591,True,0.020738,True,2141,0.014946,0.021591,True,0.020738,True,2141,0.014946,0.021591,True,0.020738,True,2141,0.014946,0.021597,True,0.020738,True,2141,0.014946,0.021332,True,0.020703,True,2141,0.014946,0.021063,True,0.020536,True,2141,0.014946,0.019530,True,,,,,,
SOL,1h,up,0.030,4282,20,0.004671,0.00132916,3.514,0.003242,0.006725,True,0.6231,0.005859,True,2141,0.005138,0.006016,True,0.005859,True,2141,0.005138,0.006055,True,0.005859,True,2141,0.005138,0.006055,True,0.005859,True,2141,0.005138,0.006055,True,0.005859,True,2141,0.005138,0.005666,True,0.005852,True,2141,0.005138,0.005581,True,0.005636,True,2141,0.005138,0.004825,False,,,,,,
SOL,1h,up,0.050,4282,2,0.000467,0.00002897,16.124,0.000155,0.001410,True,0.6231,0.000950,True,2141,0.000467,0.000617,True,0.000950,True,2141,0.000467,0.000760,True,0.000950,True,2141,0.000467,0.000760,True,0.000950,True,2141,0.000467,0.000760,True,0.000950,True,2141,0.000467,0.000464,False,0.000950,True,2141,0.000467,0.000593,True,0.000930,True,2141,0.000467,0.000548,True,,,,,,
SOL,1h,up,0.075,4282,0,0.000000,0.00000010,0.000,0.000000,0.000631,False,0.6231,0.000299,True,2141,0.000000,0.000113,True,0.000299,True,2141,0.000000,0.000240,True,0.000299,True,2141,0.000000,0.000240,True,0.000299,True,2141,0.000000,0.000240,True,0.000299,True,2141,0.000000,0.000214,True,0.000299,True,2141,0.000000,0.000111,True,0.000295,True,2141,0.000000,0.000107,True,,,,,,
SOL,1h,up,0.100,4282,0,0.000000,0.00000000,0.000,0.000000,0.000631,False,0.6231,0.000225,True,2141,0.000000,0.000075,True,0.000225,True,2141,0.000000,0.000201,True,0.000225,True,2141,0.000000,0.000201,True,0.000225,True,2141,0.000000,0.000201,True,0.000225,True,2141,0.000000,0.000197,True,0.000225,True,2141,0.000000,0.000075,True,0.000225,True,2141,0.000000,0.000075,True,,,,,,
SOL,1h,up,0.150,4282,0,0.000000,0.00000000,0.000,0.000000,0.000631,False,0.6231,0.000210,True,2141,0.000000,0.000070,True,0.000210,True,2141,0.000000,0.000196,True,0.000210,True,2141,0.000000,0.000196,True,0.000210,True,2141,0.000000,0.000196,True,0.000210,True,2141,0.000000,0.000196,True,0.000210,True,2141,0.000000,0.000070,True,0.000210,True,2141,0.000000,0.000070,True,,,,,,
SOL,1h,up,0.200,4282,0,0.000000,0.00000000,0.000,0.000000,0.000631,False,0.6231,0.000209,True,2141,0.000000,0.000070,True,0.000209,True,2141,0.000000,0.000196,True,0.000209,True,2141,0.000000,0.000196,True,0.000209,True,2141,0.000000,0.000196,True,0.000209,True,2141,0.000000,0.000196,True,0.000209,True,2141,0.000000,0.000070,True,0.000209,True,2141,0.000000,0.000070,True,,,,,,
HYPE,1h,down,0.010,4279,856,0.200047,0.28502199,0.702,0.190179,0.210294,False,0.9128,0.285779,True,2141,0.149463,0.244966,True,0.285779,True,2141,0.149463,0.244966,True,0.285779,True,2141,0.149463,0.244966,True,0.285779,True,2141,0.149463,0.250790,True,0.285032,True,2141,0.149463,0.244966,True,0.285779,True,2141,0.149463,0.244966,True,0.285779,True,2141,0.149463,0.244966,True,,,,,,
HYPE,1h,down,0.020,4279,202,0.047207,0.05435371,0.869,0.042155,0.052832,False,0.9128,0.062282,True,2141,0.028958,0.047778,True,0.062282,True,2141,0.028958,0.047778,True,0.062282,True,2141,0.028958,0.047778,True,0.062282,True,2141,0.028958,0.048092,True,0.062282,True,2141,0.028958,0.047778,True,0.062173,True,2141,0.028958,0.047435,True,0.062136,True,2141,0.028958,0.047314,True,,,,,,
HYPE,1h,down,0.030,4279,53,0.012386,0.00986536,1.256,0.009897,0.015491,True,0.9128,0.019063,True,2141,0.007473,0.017656,True,0.019063,True,2141,0.007473,0.017656,True,0.019063,True,2141,0.007473,0.017656,True,0.019063,True,2141,0.007473,0.017836,True,0.019063,True,2141,0.007473,0.017656,True,0.018792,True,2141,0.007473,0.016630,True,0.018618,True,2141,0.007473,0.015813,True,,,,,,
HYPE,1h,down,0.050,4279,4,0.000935,0.00046602,2.006,0.000420,0.002081,False,0.9128,0.004080,True,2141,0.000467,0.003601,True,0.004080,True,2141,0.000467,0.003601,True,0.004080,True,2141,0.000467,0.003601,True,0.004080,True,2141,0.000467,0.003612,True,0.004080,True,2141,0.000467,0.003601,True,0.004036,True,2141,0.000467,0.003566,True,0.003999,True,2141,0.000467,0.003430,True,,,,,,
HYPE,1h,down,0.075,4279,2,0.000467,0.00001801,25.945,0.000155,0.001411,True,0.9128,0.000855,True,2141,0.000467,0.000585,True,0.000855,True,2141,0.000467,0.000585,True,0.000855,True,2141,0.000467,0.000585,True,0.000855,True,2141,0.000467,0.000587,True,0.000855,True,2141,0.000467,0.000585,True,0.000850,True,2141,0.000467,0.000575,True,0.000845,True,2141,0.000467,0.000557,True,,,,,,
HYPE,1h,down,0.100,4279,1,0.000234,0.00000059,394.066,0.000052,0.001047,True,0.9128,0.000227,False,2141,0.000467,0.000302,False,0.000227,False,2141,0.000467,0.000302,False,0.000227,False,2141,0.000467,0.000302,False,0.000227,False,2141,0.000467,0.000302,False,0.000227,False,2141,0.000467,0.000302,False,0.000226,False,2141,0.000467,0.000297,False,0.000225,False,2141,0.000467,0.000289,False,,,,,,
HYPE,1h,down,0.150,4279,0,0.000000,0.00000000,0.000,0.000000,0.000632,False,0.9128,0.000115,True,2141,0.000000,0.000203,True,0.000115,True,2141,0.000000,0.000203,True,0.000115,True,2141,0.000000,0.000203,True,0.000115,True,2141,0.000000,0.000203,True,0.000115,True,2141,0.000000,0.000203,True,0.000115,True,2141,0.000000,0.000203,True,0.000115,True,2141,0.000000,0.000203,True,,,,,,
HYPE,1h,down,0.200,4279,0,0.000000,0.00000000,0.000,0.000000,0.000632,False,0.9128,0.000109,True,2141,0.000000,0.000191,True,0.000109,True,2141,0.000000,0.000191,True,0.000109,True,2141,0.000000,0.000191,True,0.000109,True,2141,0.000000,0.000191,True,0.000109,True,2141,0.000000,0.000191,True,0.000109,True,2141,0.000000,0.000191,True,0.000109,True,2141,0.000000,0.000191,True,,,,,,
HYPE,1h,up,0.010,4279,807,0.188595,0.28655499,0.658,0.178957,0.198628,False,0.9128,0.286555,True,2141,0.128445,0.246886,True,0.286555,True,2141,0.128445,0.246886,True,0.286555,True,2141,0.128445,0.246886,True,0.286555,True,2141,0.128445,0.249159,True,0.286555,True,2141,0.128445,0.246886,True,0.286555,True,2141,0.128445,0.246886,True,0.286555,True,2141,0.128445,0.246886,True,,,,,,
HYPE,1h,up,0.020,4279,191,0.044637,0.05697676,0.783,0.039725,0.050123,False,0.9128,0.064108,True,2141,0.020084,0.049004,True,0.064108,True,2141,0.020084,0.049004,True,0.064108,True,2141,0.020084,0.049004,True,0.064108,True,2141,0.020084,0.049082,True,0.064108,True,2141,0.020084,0.049004,True,0.063955,True,2141,0.020084,0.046804,True,0.063631,True,2141,0.020084,0.044970,True,,,,,,
HYPE,1h,up,0.030,4279,47,0.010984,0.01110165,0.989,0.008655,0.013931,False,0.9128,0.019122,True,2141,0.003737,0.017802,True,0.019122,True,2141,0.003737,0.017802,True,0.019122,True,2141,0.003737,0.017802,True,0.019122,True,2141,0.003737,0.017822,True,0.019122,True,2141,0.003737,0.017598,True,0.019069,True,2141,0.003737,0.017332,True,0.018828,True,2141,0.003737,0.016162,True,,,,,,
HYPE,1h,up,0.050,4279,4,0.000935,0.00061572,1.518,0.000420,0.002081,False,0.9128,0.003848,True,2141,0.000934,0.003292,True,0.003848,True,2141,0.000934,0.003353,True,0.003848,True,2141,0.000934,0.003353,True,0.003848,True,2141,0.000934,0.003353,True,0.003848,True,2141,0.000934,0.002425,True,0.003846,True,2141,0.000934,0.003122,True,0.003705,True,2141,0.000934,0.002828,True,,,,,,
HYPE,1h,up,0.075,4279,1,0.000234,0.00003292,7.098,0.000052,0.001047,True,0.9128,0.000979,True,2141,0.000467,0.000491,True,0.000979,True,2141,0.000467,0.000627,True,0.000979,True,2141,0.000467,0.000627,True,0.000979,True,2141,0.000467,0.000627,True,0.000979,True,2141,0.000467,0.000512,True,0.000979,True,2141,0.000467,0.000470,True,0.000954,True,2141,0.000467,0.000431,False,,,,,,
HYPE,1h,up,0.100,4279,1,0.000234,0.00000196,119.035,0.000052,0.001047,True,0.9128,0.000378,True,2141,0.000467,0.000200,False,0.000378,True,2141,0.000467,0.000324,False,0.000378,True,2141,0.000467,0.000324,False,0.000378,True,2141,0.000467,0.000324,False,0.000378,True,2141,0.000467,0.000288,False,0.000378,True,2141,0.000467,0.000194,False,0.000372,True,2141,0.000467,0.000183,False,,,,,,
HYPE,1h,up,0.150,4279,1,0.000234,0.00000000,65619.619,0.000052,0.001047,True,0.9128,0.000224,False,2141,0.000467,0.000091,False,0.000224,False,2141,0.000467,0.000217,False,0.000224,False,2141,0.000467,0.000217,False,0.000224,False,2141,0.000467,0.000217,False,0.000224,False,2141,0.000467,0.000207,False,0.000224,False,2141,0.000467,0.000089,False,0.000224,False,2141,0.000467,0.000087,False,,,,,,
HYPE,1h,up,0.200,4279,0,0.000000,0.00000000,0.000,0.000000,0.000632,False,0.9128,0.000211,True,2141,0.000000,0.000073,True,0.000211,True,2141,0.000000,0.000199,True,0.000211,True,2141,0.000000,0.000199,True,0.000211,True,2141,0.000000,0.000199,True,0.000211,True,2141,0.000000,0.000196,True,0.000211,True,2141,0.000000,0.000073,True,0.000211,True,2141,0.000000,0.000073,True,,,,,,
BTC,4h,down,0.010,1070,176,0.164486,0.25758446,0.639,0.146695,0.183969,False,0.4263,0.257589,True,535,0.121495,0.238019,True,0.257589,True,535,0.121495,0.238019,True,0.257589,True,535,0.121495,0.238019,True,0.257725,True,535,0.121495,0.245623,True,0.257589,True,535,0.121495,0.238034,True,0.257589,True,535,0.121495,0.238012,True,0.257589,True,535,0.121495,0.237522,True,,,,,,
BTC,4h,down,0.020,1070,32,0.029907,0.03827836,0.781,0.022456,0.039728,False,0.4263,0.052720,True,535,0.014953,0.057326,True,0.052720,True,535,0.014953,0.056624,True,0.052720,True,535,0.014953,0.057326,True,0.052464,True,535,0.014953,0.060164,True,0.052720,True,535,0.014953,0.056498,True,0.052097,True,535,0.014953,0.056256,True,0.051275,True,535,0.014953,0.053747,True,,,,,,
BTC,4h,down,0.030,1070,6,0.005607,0.00649743,0.863,0.002902,0.010806,False,0.4263,0.017166,True,535,0.001869,0.020894,True,0.017190,True,535,0.001869,0.018802,True,0.017190,True,535,0.001869,0.020902,True,0.016633,True,535,0.001869,0.018295,True,0.016429,True,535,0.001869,0.017381,True,0.016825,True,535,0.001869,0.019545,True,0.016459,True,535,0.001869,0.020169,True,,,,,,
BTC,4h,down,0.050,1070,1,0.000935,0.00043784,2.135,0.000209,0.004178,False,0.4263,0.002339,True,535,0.000000,0.002771,True,0.002541,True,535,0.000000,0.002711,True,0.002541,True,535,0.000000,0.002829,True,0.002454,True,535,0.000000,0.002678,True,0.001680,True,535,0.000000,0.001626,True,0.002303,True,535,0.000000,0.002697,True,0.002250,True,535,0.000000,0.002687,True,,,,,,
BTC,4h,down,0.075,1070,0,0.000000,0.00001171,0.000,0.000000,0.002522,False,0.4263,0.000519,True,535,0.000000,0.000699,True,0.000644,True,535,0.000000,0.000722,True,0.000644,True,535,0.000000,0.000752,True,0.000617,True,535,0.000000,0.000708,True,0.000524,True,535,0.000000,0.000586,True,0.000517,True,535,0.000000,0.000688,True,0.000514,True,535,0.000000,0.000699,True,,,,,,
BTC,4h,down,0.100,1070,0,0.000000,0.00000015,0.000,0.000000,0.002522,False,0.4263,0.000256,True,535,0.000000,0.000467,True,0.000371,True,535,0.000000,0.000519,True,0.000371,True,535,0.000000,0.000519,True,0.000369,True,535,0.000000,0.000518,True,0.000324,True,535,0.000000,0.000481,True,0.000256,True,535,0.000000,0.000467,True,0.000256,True,535,0.000000,0.000467,True,,,,,,
BTC,4h,down,0.150,1070,0,0.000000,0.00000000,0.000,0.000000,0.002522,False,0.4263,0.000207,True,535,0.000000,0.000429,True,0.000318,True,535,0.000000,0.000481,True,0.000318,True,535,0.000000,0.000481,True,0.000318,True,535,0.000000,0.000481,True,0.000315,True,535,0.000000,0.000480,True,0.000207,True,535,0.000000,0.000429,True,0.000207,True,535,0.000000,0.000429,True,,,,,,
BTC,4h,down,0.200,1070,0,0.000000,0.00000000,0.000,0.000000,0.002522,False,0.4263,0.000205,True,535,0.000000,0.000428,True,0.000315,True,535,0.000000,0.000480,True,0.000315,True,535,0.000000,0.000480,True,0.000315,True,535,0.000000,0.000480,True,0.000315,True,535,0.000000,0.000480,True,0.000205,True,535,0.000000,0.000428,True,0.000205,True,535,0.000000,0.000428,True,,,,,,
BTC,4h,up,0.010,1070,158,0.147664,0.25943854,0.569,0.130713,0.166391,False,0.4263,0.259439,True,535,0.119626,0.239388,True,0.259439,True,535,0.119626,0.239388,True,0.259439,True,535,0.119626,0.239388,True,0.259439,True,535,0.119626,0.242514,True,0.259439,True,535,0.119626,0.239388,True,0.259439,True,535,0.119626,0.239289,True,0.259439,True,535,0.119626,0.239289,True,,,,,,
BTC,4h,up,0.020,1070,37,0.034579,0.04051898,0.853,0.026503,0.045004,False,0.4263,0.053634,True,535,0.029907,0.054250,True,0.053634,True,535,0.029907,0.054250,True,0.053634,True,535,0.029907,0.054250,True,0.053556,True,535,0.029907,0.054916,True,0.053634,True,535,0.029907,0.054250,True,0.053385,True,535,0.029907,0.051742,True,0.053146,True,535,0.029907,0.049579,True,,,,,,
BTC,4h,up,0.030,1070,16,0.014953,0.00723488,2.067,0.009960,0.022393,True,0.4263,0.020836,True,535,0.018692,0.020537,True,0.020836,True,535,0.018692,0.020537,True,0.020836,True,535,0.018692,0.020537,True,0.019435,True,535,0.018692,0.018036,False,0.020836,True,535,0.018692,0.020537,True,0.020356,True,535,0.018692,0.019004,True,0.019921,True,535,0.018692,0.017217,False,,,,,,
BTC,4h,up,0.050,1070,2,0.001869,0.00057052,3.276,0.000619,0.005632,True,0.4263,0.005103,True,535,0.001869,0.004514,True,0.005103,True,535,0.001869,0.004514,True,0.005103,True,535,0.001869,0.004514,True,0.004993,True,535,0.001869,0.004380,True,0.005103,True,535,0.001869,0.004514,True,0.005075,True,535,0.001869,0.004395,True,0.005062,True,535,0.001869,0.004229,True,,,,,,
BTC,4h,up,0.075,1070,1,0.000935,0.00002459,38.012,0.000209,0.004178,True,0.4263,0.001673,True,535,0.001869,0.001326,False,0.001673,True,535,0.001869,0.001326,False,0.001673,True,535,0.001869,0.001326,False,0.001622,True,535,0.001869,0.001275,False,0.001673,True,535,0.001869,0.001326,False,0.001662,True,535,0.001869,0.001310,False,0.001652,True,535,0.001869,0.001270,False,,,,,,
BTC,4h,up,0.100,1070,0,0.000000,0.00000073,0.000,0.000000,0.002522,False,0.4263,0.001048,True,535,0.000000,0.000903,True,0.001048,True,535,0.000000,0.000903,True,0.001048,True,535,0.000000,0.000903,True,0.001041,True,535,0.000000,0.000897,True,0.001048,True,535,0.000000,0.000903,True,0.001048,True,535,0.000000,0.000902,True,0.001048,True,535,0.000000,0.000895,True,,,,,,
BTC,4h,up,0.150,1070,0,0.000000,0.00000000,0.000,0.000000,0.002522,False,0.4263,0.000875,True,535,0.000000,0.000791,True,0.000875,True,535,0.000000,0.000791,True,0.000875,True,535,0.000000,0.000791,True,0.000875,True,535,0.000000,0.000791,True,0.000875,True,535,0.000000,0.000791,True,0.000875,True,535,0.000000,0.000791,True,0.000875,True,535,0.000000,0.000791,True,,,,,,
BTC,4h,up,0.200,1070,0,0.000000,0.00000000,0.000,0.000000,0.002522,False,0.4263,0.000845,True,535,0.000000,0.000778,True,0.000845,True,535,0.000000,0.000778,True,0.000845,True,535,0.000000,0.000778,True,0.000845,True,535,0.000000,0.000778,True,0.000845,True,535,0.000000,0.000778,True,0.000845,True,535,0.000000,0.000778,True,0.000845,True,535,0.000000,0.000778,True,,,,,,
ETH,4h,down,0.010,1070,273,0.255140,0.39077391,0.653,0.233856,0.277660,False,0.5691,0.390774,True,535,0.207477,0.369808,True,0.390774,True,535,0.207477,0.369808,True,0.390774,True,535,0.207477,0.369808,True,0.390774,True,535,0.207477,0.371988,True,0.390774,True,535,0.207477,0.369903,True,0.390774,True,535,0.207477,0.369808,True,0.390774,True,535,0.207477,0.369808,True,,,,,,
ETH,4h,down,0.020,1070,80,0.074766,0.10154031,0.736,0.062587,0.089091,False,0.5691,0.106488,True,535,0.042991,0.099840,True,0.106488,True,535,0.042991,0.099840,True,0.106488,True,535,0.042991,0.099840,True,0.107169,True,535,0.042991,0.111972,True,0.106488,True,535,0.042991,0.099840,True,0.106361,True,535,0.042991,0.099610,True,0.106239,True,535,0.042991,0.096693,True,,,,,,
ETH,4h,down,0.030,1070,20,0.018692,0.02308950,0.810,0.012996,0.026815,False,0.5691,0.038900,True,535,0.011215,0.042940,True,0.038900,True,535,0.011215,0.041973,True,0.038900,True,535,0.011215,0.042940,True,0.037946,True,535,0.011215,0.046452,True,0.038800,True,535,0.011215,0.041567,True,0.037943,True,535,0.011215,0.041362,True,0.036732,True,535,0.011215,0.039435,True,,,,,,
ETH,4h,down,0.050,1070,5,0.004673,0.00209115,2.235,0.002276,0.009568,True,0.5691,0.007494,True,535,0.001869,0.008863,True,0.007592,True,535,0.001869,0.008260,True,0.007592,True,535,0.001869,0.008888,True,0.007134,True,535,0.001869,0.008323,True,0.005963,True,535,0.001869,0.005598,True,0.007419,True,535,0.001869,0.008675,True,0.007335,True,535,0.001869,0.008659,True,,,,,,
ETH,4h,down,0.075,1070,0,0.000000,0.00015526,0.000,0.000000,0.002522,False,0.5691,0.001417,True,535,0.000000,0.001923,True,0.001606,True,535,0.000000,0.001898,True,0.001606,True,535,0.000000,0.001982,True,0.001535,True,535,0.000000,0.001898,True,0.001128,True,535,0.000000,0.001378,True,0.001381,True,535,0.000000,0.001867,True,0.001349,True,535,0.000000,0.001854,True,,,,,,
ETH,4h,down,0.100,1070,0,0.000000,0.00000966,0.000,0.000000,0.002522,False,0.5691,0.000487,True,535,0.000000,0.000815,True,0.000608,True,535,0.000000,0.000827,True,0.000608,True,535,0.000000,0.000867,True,0.000581,True,535,0.000000,0.000805,True,0.000479,True,535,0.000000,0.000710,True,0.000483,True,535,0.000000,0.000795,True,0.000479,True,535,0.000000,0.000798,True,,,,,,
ETH,4h,down,0.150,1070,0,0.000000,0.00000002,0.000,0.000000,0.002522,False,0.5691,0.000223,True,535,0.000000,0.000459,True,0.000337,True,535,0.000000,0.000511,True,0.000337,True,535,0.000000,0.000511,True,0.000337,True,535,0.000000,0.000511,True,0.000316,True,535,0.000000,0.000481,True,0.000223,True,535,0.000000,0.000459,True,0.000223,True,535,0.000000,0.000459,True,,,,,,
ETH,4h,down,0.200,1070,0,0.000000,0.00000000,0.000,0.000000,0.002522,False,0.5691,0.000206,True,535,0.000000,0.000431,True,0.000317,True,535,0.000000,0.000483,True,0.000317,True,535,0.000000,0.000483,True,0.000317,True,535,0.000000,0.000483,True,0.000315,True,535,0.000000,0.000480,True,0.000206,True,535,0.000000,0.000431,True,0.000206,True,535,0.000000,0.000431,True,,,,,,
ETH,4h,up,0.010,1070,256,0.239252,0.39142729,0.611,0.218474,0.261346,False,0.5691,0.391427,True,535,0.224299,0.370310,True,0.391427,True,535,0.224299,0.370310,True,0.391427,True,535,0.224299,0.370310,True,0.391427,True,535,0.224299,0.370865,True,0.391427,True,535,0.224299,0.370310,True,0.391427,True,535,0.224299,0.370310,True,0.391427,True,535,0.224299,0.370310,True,,,,,,
ETH,4h,up,0.020,1070,72,0.067290,0.10545079,0.638,0.055752,0.081010,False,0.5691,0.109383,True,535,0.059813,0.099429,True,0.109383,True,535,0.059813,0.099429,True,0.109383,True,535,0.059813,0.099429,True,0.109422,True,535,0.059813,0.105554,True,0.109383,True,535,0.059813,0.099429,True,0.109367,True,535,0.059813,0.097969,True,0.109363,True,535,0.059813,0.096991,True,,,,,,
ETH,4h,up,0.030,1070,24,0.022430,0.02542453,0.882,0.016101,0.031168,False,0.5691,0.040831,True,535,0.020561,0.040969,True,0.040831,True,535,0.020561,0.040969,True,0.040831,True,535,0.020561,0.040969,True,0.040566,True,535,0.020561,0.044249,True,0.040831,True,535,0.020561,0.040969,True,0.040466,True,535,0.020561,0.039031,True,0.040164,True,535,0.020561,0.037742,True,,,,,,
ETH,4h,up,0.050,1070,8,0.007477,0.00255502,2.926,0.004218,0.013220,True,0.5691,0.011722,True,535,0.009346,0.010715,True,0.011722,True,535,0.009346,0.010715,True,0.011722,True,535,0.009346,0.010715,True,0.011052,True,535,0.009346,0.009834,True,0.011722,True,535,0.009346,0.010715,True,0.011626,True,535,0.009346,0.010359,True,0.011560,True,535,0.009346,0.009026,False,,,,,,
ETH,4h,up,0.075,1070,4,0.003738,0.00025211,14.828,0.001679,0.008301,True,0.5691,0.003781,True,535,0.005607,0.003521,False,0.003781,True,535,0.005607,0.003521,False,0.003781,True,535,0.005607,0.003521,False,0.003700,False,535,0.005607,0.003453,False,0.003781,True,535,0.005607,0.003521,False,0.003750,True,535,0.005607,0.003432,False,0.003714,False,535,0.005607,0.003322,False,,,,,,
ETH,4h,up,0.100,1070,2,0.001869,0.00002464,75.873,0.000619,0.005632,True,0.5691,0.001692,False,535,0.003738,0.001420,False,0.001692,False,535,0.003738,0.001420,False,0.001692,False,535,0.003738,0.001420,False,0.001649,False,535,0.003738,0.001385,False,0.001692,False,535,0.003738,0.001420,False,0.001685,False,535,0.003738,0.001386,False,0.001682,False,535,0.003738,0.001325,False,,,,,,
ETH,4h,up,0.150,1070,0,0.000000,0.00000020,0.000,0.000000,0.002522,False,0.5691,0.000978,True,535,0.000000,0.000898,True,0.000978,True,535,0.000000,0.000898,True,0.000978,True,535,0.000000,0.000898,True,0.000975,True,535,0.000000,0.000892,True,0.000978,True,535,0.000000,0.000898,True,0.000978,True,535,0.000000,0.000896,True,0.000978,True,535,0.000000,0.000886,True,,,,,,
ETH,4h,up,0.200,1070,0,0.000000,0.00000000,0.000,0.000000,0.002522,False,0.5691,0.000874,True,535,0.000000,0.000809,True,0.000874,True,535,0.000000,0.000809,True,0.000874,True,535,0.000000,0.000809,True,0.000874,True,535,0.000000,0.000809,True,0.000874,True,535,0.000000,0.000809,True,0.000874,True,535,0.000000,0.000809,True,0.000874,True,535,0.000000,0.000809,True,,,,,,
SOL,4h,down,0.010,1070,327,0.305607,0.42903904,0.712,0.282957,0.329238,False,0.6231,0.429039,True,535,0.278505,0.417328,True,0.429039,True,535,0.278505,0.417328,True,0.429039,True,535,0.278505,0.417328,True,0.429039,True,535,0.278505,0.423180,True,0.429039,True,535,0.278505,0.417413,True,0.429039,True,535,0.278505,0.417328,True,0.429039,True,535,0.278505,0.417328,True,,,,,,
SOL,4h,down,0.020,1070,110,0.102804,0.13302415,0.773,0.088520,0.119091,False,0.6231,0.136986,True,535,0.069159,0.131613,True,0.136986,True,535,0.069159,0.131613,True,0.136986,True,535,0.069159,0.131613,True,0.137277,True,535,0.069159,0.147168,True,0.136986,True,535,0.069159,0.131613,True,0.136852,True,535,0.069159,0.131340,True,0.136670,True,535,0.069159,0.130360,True,,,,,,
SOL,4h,down,0.030,1070,34,0.031776,0.03541693,0.897,0.024069,0.041844,False,0.6231,0.048709,True,535,0.018692,0.055861,True,0.048709,True,535,0.018692,0.055057,True,0.048709,True,535,0.018692,0.055861,True,0.048710,True,535,0.018692,0.058398,True,0.048614,True,535,0.018692,0.054645,True,0.048305,True,535,0.018692,0.055179,True,0.047601,True,535,0.018692,0.053225,True,,,,,,
SOL,4h,down,0.050,1070,4,0.003738,0.00297596,1.256,0.001679,0.008301,False,0.6231,0.010934,True,535,0.003738,0.015474,True,0.011005,True,535,0.003738,0.013382,True,0.011005,True,535,0.003738,0.015491,True,0.010203,True,535,0.003738,0.012821,True,0.009893,True,535,0.003738,0.011645,True,0.010716,True,535,0.003738,0.014582,True,0.010486,True,535,0.003738,0.015028,True,,,,,,
SOL,4h,down,0.075,1070,1,0.000935,0.00021963,4.255,0.000209,0.004178,False,0.6231,0.001959,True,535,0.001869,0.002424,True,0.002151,True,535,0.001869,0.002352,True,0.002151,True,535,0.001869,0.002481,True,0.002063,True,535,0.001869,0.002313,True,0.001358,True,535,0.001869,0.001208,False,0.001929,True,535,0.001869,0.002372,True,0.001886,True,535,0.001869,0.002399,True,,,,,,
SOL,4h,down,0.100,1070,0,0.000000,0.00001270,0.000,0.000000,0.002522,False,0.6231,0.000601,True,535,0.000000,0.000768,True,0.000745,True,535,0.000000,0.000802,True,0.000745,True,535,0.000000,0.000824,True,0.000719,True,535,0.000000,0.000791,True,0.000538,True,535,0.000000,0.000561,True,0.000599,True,535,0.000000,0.000758,True,0.000598,True,535,0.000000,0.000768,True,,,,,,
SOL,4h,down,0.150,1070,0,0.000000,0.00000001,0.000,0.000000,0.002522,False,0.6231,0.000228,True,535,0.000000,0.000442,True,0.000343,True,535,0.000000,0.000494,True,0.000343,True,535,0.000000,0.000494,True,0.000343,True,535,0.000000,0.000494,True,0.000315,True,535,0.000000,0.000480,True,0.000228,True,535,0.000000,0.000442,True,0.000228,True,535,0.000000,0.000442,True,,,,,,
SOL,4h,down,0.200,1070,0,0.000000,0.00000000,0.000,0.000000,0.002522,False,0.6231,0.000207,True,535,0.000000,0.000429,True,0.000318,True,535,0.000000,0.000481,True,0.000318,True,535,0.000000,0.000481,True,0.000318,True,535,0.000000,0.000481,True,0.000315,True,535,0.000000,0.000480,True,0.000207,True,535,0.000000,0.000429,True,0.000207,True,535,0.000000,0.000429,True,,,,,,
SOL,4h,up,0.010,1070,314,0.293458,0.42916455,0.684,0.271105,0.316853,False,0.6231,0.429165,True,535,0.274766,0.417214,True,0.429165,True,535,0.274766,0.417214,True,0.429165,True,535,0.274766,0.417214,True,0.429165,True,535,0.274766,0.417906,True,0.429165,True,535,0.274766,0.417214,True,0.429165,True,535,0.274766,0.417214,True,0.429165,True,535,0.274766,0.417214,True,,,,,,
SOL,4h,up,0.020,1070,97,0.090654,0.13708983,0.661,0.077230,0.106143,False,0.6231,0.140533,True,535,0.074766,0.134457,True,0.140533,True,535,0.074766,0.134457,True,0.140533,True,535,0.074766,0.134457,True,0.140599,True,535,0.074766,0.141326,True,0.140533,True,535,0.074766,0.134457,True,0.140530,True,535,0.074766,0.133909,True,0.140528,True,535,0.074766,0.133624,True,,,,,,
SOL,4h,up,0.030,1070,46,0.042991,0.03866662,1.112,0.033892,0.054395,False,0.6231,0.051389,True,535,0.039252,0.053669,True,0.051389,True,535,0.039252,0.053669,True,0.051389,True,535,0.039252,0.053669,True,0.050977,True,535,0.039252,0.054421,True,0.051389,True,535,0.039252,0.053669,True,0.051129,True,535,0.039252,0.051504,True,0.050870,True,535,0.039252,0.049220,True,,,,,,
SOL,4h,up,0.050,1070,12,0.011215,0.00369705,3.033,0.007017,0.017878,True,0.6231,0.014953,True,535,0.013084,0.015261,True,0.014953,True,535,0.013084,0.015261,True,0.014953,True,535,0.013084,0.015261,True,0.014045,True,535,0.013084,0.013577,True,0.014953,True,535,0.013084,0.015261,True,0.014719,True,535,0.013084,0.014375,True,0.014531,True,535,0.013084,0.012373,False,,,,,,
SOL,4h,up,0.075,1070,0,0.000000,0.00035279,0.000,0.000000,0.002522,False,0.6231,0.004914,True,535,0.000000,0.004433,True,0.004914,True,535,0.000000,0.004433,True,0.004914,True,535,0.000000,0.004433,True,0.004783,True,535,0.000000,0.004234,True,0.004914,True,535,0.000000,0.004433,True,0.004889,True,535,0.000000,0.004354,True,0.004870,True,535,0.000000,0.004125,True,,,,,,
SOL,4h,up,0.100,1070,0,0.000000,0.00003438,0.000,0.000000,0.002522,False,0.6231,0.002233,True,535,0.000000,0.001921,True,0.002233,True,535,0.000000,0.001921,True,0.002233,True,535,0.000000,0.001921,True,0.002173,True,535,0.000000,0.001874,True,0.002233,True,535,0.000000,0.001921,True,0.002212,True,535,0.000000,0.001902,True,0.002202,True,535,0.000000,0.001862,True,,,,,,
SOL,4h,up,0.150,1070,0,0.000000,0.00000017,0.000,0.000000,0.002522,False,0.6231,0.001012,True,535,0.000000,0.000865,True,0.001012,True,535,0.000000,0.000865,True,0.001012,True,535,0.000000,0.000865,True,0.001010,True,535,0.000000,0.000864,True,0.001012,True,535,0.000000,0.000865,True,0.001012,True,535,0.000000,0.000865,True,0.001012,True,535,0.000000,0.000864,True,,,,,,
SOL,4h,up,0.200,1070,0,0.000000,0.00000000,0.000,0.000000,0.002522,False,0.6231,0.000888,True,535,0.000000,0.000791,True,0.000888,True,535,0.000000,0.000791,True,0.000888,True,535,0.000000,0.000791,True,0.000888,True,535,0.000000,0.000791,True,0.000888,True,535,0.000000,0.000791,True,0.000888,True,535,0.000000,0.000791,True,0.000888,True,535,0.000000,0.000791,True,,,,,,
HYPE,4h,down,0.010,1069,522,0.488307,0.58170171,0.839,0.463221,0.513452,False,0.9133,0.581702,True,535,0.422430,0.555730,True,0.581702,True,535,0.422430,0.555730,True,0.581702,True,535,0.422430,0.555730,True,0.581702,True,535,0.422430,0.563588,True,0.581702,True,535,0.422430,0.556093,True,0.581702,True,535,0.422430,0.555730,True,0.581702,True,535,0.422430,0.555730,True,,,,,,
HYPE,4h,down,0.020,1069,211,0.197381,0.28429423,0.694,0.178132,0.218158,False,0.9133,0.284294,True,535,0.142056,0.245252,True,0.284294,True,535,0.142056,0.245252,True,0.284294,True,535,0.142056,0.245252,True,0.284342,True,535,0.142056,0.253133,True,0.284294,True,535,0.142056,0.245280,True,0.284294,True,535,0.142056,0.245253,True,0.284294,True,535,0.142056,0.245062,True,,,,,,
HYPE,4h,down,0.030,1069,88,0.082320,0.12532924,0.657,0.069524,0.097224,False,0.9133,0.130831,True,535,0.050467,0.104732,True,0.130831,True,535,0.050467,0.104732,True,0.130831,True,535,0.050467,0.104732,True,0.131198,True,535,0.050467,0.118037,True,0.130831,True,535,0.050467,0.104737,True,0.130690,True,535,0.050467,0.104503,True,0.130502,True,535,0.050467,0.102316,True,,,,,,
HYPE,4h,down,0.050,1069,17,0.015903,0.02220512,0.716,0.010722,0.023528,False,0.9133,0.035679,True,535,0.003738,0.034577,True,0.035679,True,535,0.003738,0.033433,True,0.035679,True,535,0.003738,0.034577,True,0.034720,True,535,0.003738,0.035872,True,0.035309,True,535,0.003738,0.032560,True,0.034947,True,535,0.003738,0.033077,True,0.034158,True,535,0.003738,0.031250,True,,,,,,
HYPE,4h,down,0.075,1069,2,0.001871,0.00270274,0.692,0.000619,0.005638,False,0.9133,0.009856,True,535,0.001869,0.009800,True,0.009959,True,535,0.001869,0.008933,True,0.009959,True,535,0.001869,0.009825,True,0.009817,True,535,0.001869,0.008724,True,0.008815,True,535,0.001869,0.006437,True,0.009644,True,535,0.001869,0.009493,True,0.009426,True,535,0.001869,0.009649,True,,,,,,
HYPE,4h,down,0.100,1069,1,0.000935,0.00044081,2.122,0.000209,0.004182,False,0.9133,0.003218,True,535,0.001869,0.002795,True,0.003369,True,535,0.001869,0.002771,True,0.003369,True,535,0.001869,0.002852,True,0.003130,True,535,0.001869,0.002811,True,0.002275,True,535,0.001869,0.001739,False,0.003166,True,535,0.001869,0.002729,True,0.003113,True,535,0.001869,0.002705,True,,,,,,
HYPE,4h,down,0.150,1069,0,0.000000,0.00001691,0.000,0.000000,0.002525,False,0.9133,0.000538,True,535,0.000000,0.000760,True,0.000685,True,535,0.000000,0.000791,True,0.000685,True,535,0.000000,0.000812,True,0.000662,True,535,0.000000,0.000810,True,0.000467,True,535,0.000000,0.000682,True,0.000533,True,535,0.000000,0.000744,True,0.000527,True,535,0.000000,0.000734,True,,,,,,
HYPE,4h,down,0.200,1069,0,0.000000,0.00000046,0.000,0.000000,0.002525,False,0.9133,0.000250,True,535,0.000000,0.000523,True,0.000366,True,535,0.000000,0.000561,True,0.000366,True,535,0.000000,0.000575,True,0.000363,True,535,0.000000,0.000555,True,0.000331,True,535,0.000000,0.000523,True,0.000250,True,535,0.000000,0.000519,True,0.000250,True,535,0.000000,0.000523,True,,,,,,
HYPE,4h,up,0.010,1069,521,0.487371,0.57958841,0.841,0.462289,0.512518,False,0.9133,0.579588,True,535,0.416822,0.551721,True,0.579588,True,535,0.416822,0.551721,True,0.579588,True,535,0.416822,0.551721,True,0.579588,True,535,0.416822,0.551721,True,0.579588,True,535,0.416822,0.551721,True,0.579588,True,535,0.416822,0.551721,True,0.579588,True,535,0.416822,0.551721,True,,,,,,
HYPE,4h,up,0.020,1069,217,0.202993,0.28736105,0.706,0.183520,0.223967,False,0.9133,0.287361,True,535,0.128972,0.248981,True,0.287361,True,535,0.128972,0.248981,True,0.287361,True,535,0.128972,0.248981,True,0.287361,True,535,0.128972,0.251924,True,0.287361,True,535,0.128972,0.248981,True,0.287361,True,535,0.128972,0.248979,True,0.287361,True,535,0.128972,0.248979,True,,,,,,
HYPE,4h,up,0.030,1069,97,0.090739,0.13100251,0.693,0.077303,0.106241,False,0.9133,0.135668,True,535,0.052336,0.107038,True,0.135668,True,535,0.052336,0.107038,True,0.135668,True,535,0.052336,0.107038,True,0.135730,True,535,0.052336,0.113248,True,0.135668,True,535,0.052336,0.107038,True,0.135668,True,535,0.052336,0.105971,True,0.135668,True,535,0.052336,0.105173,True,,,,,,
HYPE,4h,up,0.050,1069,20,0.018709,0.02602665,0.719,0.013009,0.026840,False,0.9133,0.038302,True,535,0.007477,0.033711,True,0.038302,True,535,0.007477,0.033711,True,0.038302,True,535,0.007477,0.033711,True,0.037747,True,535,0.007477,0.035337,True,0.038302,True,535,0.007477,0.033711,True,0.037972,True,535,0.007477,0.031699,True,0.037703,True,535,0.007477,0.029877,True,,,,,,
HYPE,4h,up,0.075,1069,5,0.004677,0.00383017,1.221,0.002279,0.009577,False,0.9133,0.014206,True,535,0.003738,0.012499,True,0.014206,True,535,0.003738,0.012499,True,0.014206,True,535,0.003738,0.012499,True,0.013723,True,535,0.003738,0.011037,True,0.014206,True,535,0.003738,0.012499,True,0.013891,True,535,0.003738,0.011934,True,0.013605,True,535,0.003738,0.010321,True,,,,,,
HYPE,4h,up,0.100,1069,2,0.001871,0.00074951,2.496,0.000619,0.005638,False,0.9133,0.007226,True,535,0.001869,0.005099,True,0.007226,True,535,0.001869,0.005099,True,0.007226,True,535,0.001869,0.005099,True,0.006780,True,535,0.001869,0.005021,True,0.007226,True,535,0.001869,0.005099,True,0.007173,True,535,0.001869,0.004963,True,0.007136,True,535,0.001869,0.004791,True,,,,,,
HYPE,4h,up,0.150,1069,1,0.000935,0.00005262,17.777,0.000209,0.004182,True,0.9133,0.002356,True,535,0.001869,0.001674,False,0.002356,True,535,0.001869,0.001674,False,0.002356,True,535,0.001869,0.001674,False,0.002311,True,535,0.001869,0.001631,False,0.002356,True,535,0.001869,0.001674,False,0.002346,True,535,0.001869,0.001645,False,0.002343,True,535,0.001869,0.001583,False,,,,,,
HYPE,4h,up,0.200,1069,0,0.000000,0.00000456,0.000,0.000000,0.002525,False,0.9133,0.001256,True,535,0.000000,0.001015,True,0.001256,True,535,0.000000,0.001015,True,0.001256,True,535,0.000000,0.001015,True,0.001246,True,535,0.000000,0.000984,True,0.001256,True,535,0.000000,0.001015,True,0.001253,True,535,0.000000,0.000999,True,0.001252,True,535,0.000000,0.000979,True,,,,,,
BTC,1d,down,0.010,1282,722,0.563183,0.65773360,0.856,0.540288,0.585811,False,0.4604,0.657734,True,641,0.563183,0.638248,True,0.657734,True,641,0.563183,0.638248,True,0.657734,True,641,0.563183,0.638248,True,0.657734,True,641,0.563183,0.638248,True,0.657734,True,641,0.563183,0.638248,True,0.657734,True,641,0.563183,0.638248,True,0.657734,True,641,0.563183,0.638248,True,,,,,,
BTC,1d,down,0.020,1282,402,0.313573,0.38341207,0.818,0.292671,0.335260,False,0.4604,0.384698,True,641,0.322933,0.357400,True,0.384698,True,641,0.322933,0.357400,True,0.384698,True,641,0.322933,0.357400,True,0.384698,True,641,0.322933,0.366868,True,0.384698,True,641,0.322933,0.357400,True,0.384698,True,641,0.322933,0.357400,True,0.384698,True,641,0.322933,0.357400,True,,,,,,
BTC,1d,down,0.030,1282,221,0.172387,0.20362489,0.847,0.155729,0.190424,False,0.4604,0.213408,True,641,0.176287,0.195524,True,0.213408,True,641,0.176287,0.195524,True,0.213408,True,641,0.176287,0.195524,True,0.213435,True,641,0.176287,0.212076,True,0.213408,True,641,0.176287,0.195524,True,0.213394,True,641,0.176287,0.195482,True,0.213369,True,641,0.176287,0.195444,True,,,,,,
BTC,1d,down,0.050,1282,71,0.055382,0.04857938,1.140,0.045781,0.066857,False,0.4604,0.075619,True,641,0.048362,0.079702,True,0.075619,True,641,0.048362,0.079702,True,0.075619,True,641,0.048362,0.079702,True,0.075951,True,641,0.048362,0.082915,True,0.075619,True,641,0.048362,0.079702,True,0.075201,True,641,0.048362,0.077446,True,0.074484,True,641,0.048362,0.075299,True,,,,,,
BTC,1d,down,0.075,1282,18,0.014041,0.00711117,1.974,0.009568,0.020560,True,0.4604,0.030408,True,641,0.009360,0.034536,True,0.030408,True,641,0.009360,0.034536,True,0.030408,True,641,0.009360,0.034536,True,0.030028,True,641,0.009360,0.033877,True,0.030408,True,641,0.009360,0.034536,True,0.029737,True,641,0.009360,0.032087,True,0.028711,True,641,0.009360,0.028157,True,,,,,,
BTC,1d,down,0.100,1282,9,0.007020,0.00096103,7.305,0.004089,0.012028,True,0.4604,0.015594,True,641,0.004680,0.018666,True,0.015594,True,641,0.004680,0.018666,True,0.015594,True,641,0.004680,0.018666,True,0.014840,True,641,0.004680,0.017260,True,0.015594,True,641,0.004680,0.018666,True,0.015073,True,641,0.004680,0.017597,True,0.014316,True,641,0.004680,0.015266,True,,,,,,
BTC,1d,down,0.150,1282,4,0.003120,0.00001042,299.540,0.001402,0.006932,True,0.4604,0.006356,True,641,0.003120,0.008103,True,0.006356,True,641,0.003120,0.008103,True,0.006356,True,641,0.003120,0.008103,True,0.006188,True,641,0.003120,0.007742,True,0.006356,True,641,0.003120,0.008103,True,0.006279,True,641,0.003120,0.007863,True,0.006177,True,641,0.003120,0.007315,True,,,,,,
BTC,1d,down,0.200,1282,0,0.000000,0.00000004,0.000,0.000000,0.002106,False,0.4604,0.004164,True,641,0.000000,0.005793,True,0.004164,True,641,0.000000,0.005793,True,0.004164,True,641,0.000000,0.005793,True,0.004162,True,641,0.000000,0.005785,True,0.004164,True,641,0.000000,0.005793,True,0.004163,True,641,0.000000,0.005789,True,0.004162,True,641,0.000000,0.005725,True,,,,,,
BTC,1d,up,0.010,1282,730,0.569423,0.65433865,0.870,0.546553,0.592000,False,0.4604,0.654339,True,641,0.550702,0.636842,True,0.654339,True,641,0.550702,0.636842,True,0.654339,True,641,0.550702,0.636842,True,0.654339,True,641,0.550702,0.636842,True,0.654339,True,641,0.550702,0.636842,True,0.654339,True,641,0.550702,0.636842,True,0.654339,True,641,0.550702,0.636842,True,,,,,,
BTC,1d,up,0.020,1282,403,0.314353,0.38468800,0.817,0.293435,0.336052,False,0.4604,0.384810,True,641,0.287051,0.363565,True,0.384810,True,641,0.287051,0.363565,True,0.384810,True,641,0.287051,0.363565,True,0.384810,True,641,0.287051,0.372134,True,0.384810,True,641,0.287051,0.363565,True,0.384810,True,641,0.287051,0.363565,True,0.384810,True,641,0.287051,0.363565,True,,,,,,
BTC,1d,up,0.030,1282,224,0.174727,0.20954550,0.834,0.157972,0.192852,False,0.4604,0.213684,True,641,0.141966,0.204834,True,0.213684,True,641,0.141966,0.204834,True,0.213684,True,641,0.141966,0.204834,True,0.213684,True,641,0.141966,0.224887,True,0.213684,True,641,0.141966,0.204834,True,0.213674,True,641,0.141966,0.204832,True,0.213657,True,641,0.141966,0.204809,True,,,,,,
BTC,1d,up,0.050,1282,90,0.070203,0.05528290,1.270,0.059348,0.082867,True,0.4604,0.075189,True,641,0.046802,0.082877,True,0.075189,True,641,0.046802,0.082877,True,0.075189,True,641,0.046802,0.082877,True,0.074515,True,641,0.046802,0.089364,True,0.075189,True,641,0.046802,0.082877,True,0.074321,True,641,0.046802,0.082032,True,0.073642,True,641,0.046802,0.080322,True,,,,,,
BTC,1d,up,0.075,1282,24,0.018721,0.00994302,1.883,0.013432,0.026036,True,0.4604,0.030354,True,641,0.015601,0.035454,True,0.030354,True,641,0.015601,0.035454,True,0.030354,True,641,0.015601,0.035454,True,0.028397,True,641,0.015601,0.035697,True,0.030354,True,641,0.015601,0.035454,True,0.028280,True,641,0.015601,0.034219,True,0.026728,True,641,0.015601,0.031091,True,,,,,,
BTC,1d,up,0.100,1282,9,0.007020,0.00183395,3.828,0.004089,0.012028,True,0.4604,0.015089,True,641,0.004680,0.018572,True,0.015089,True,641,0.004680,0.018572,True,0.015089,True,641,0.004680,0.018572,True,0.014349,True,641,0.004680,0.018050,True,0.015089,True,641,0.004680,0.018572,True,0.014149,True,641,0.004680,0.017832,True,0.012878,True,641,0.004680,0.015229,True,,,,,,
BTC,1d,up,0.150,1282,1,0.000780,0.00005881,13.263,0.000174,0.003489,True,0.4604,0.007298,True,641,0.000000,0.010397,True,0.007298,True,641,0.000000,0.010397,True,0.007298,True,641,0.000000,0.010397,True,0.007032,True,641,0.000000,0.008464,True,0.007298,True,641,0.000000,0.010397,True,0.007000,True,641,0.000000,0.009322,True,0.006706,True,641,0.000000,0.007474,True,,,,,,
BTC,1d,up,0.200,1282,1,0.000780,0.00000157,495.676,0.000174,0.003489,True,0.4604,0.005841,True,641,0.000000,0.008842,True,0.005841,True,641,0.000000,0.008842,True,0.005841,True,641,0.000000,0.008842,True,0.005834,True,641,0.000000,0.006428,True,0.005841,True,641,0.000000,0.008842,True,0.005713,True,641,0.000000,0.007725,True,0.005759,True,641,0.000000,0.006122,True,,,,,,
ETH,1d,down,0.010,1282,833,0.649766,0.74494728,0.872,0.627556,0.671345,False,0.6347,0.744947,True,641,0.684867,0.774876,True,0.744947,True,641,0.684867,0.774876,True,0.744947,True,641,0.684867,0.774876,True,0.744947,True,641,0.684867,0.774876,True,0.744947,True,641,0.684867,0.774876,True,0.744947,True,641,0.684867,0.774876,True,0.744947,True,641,0.684867,0.774876,True,,,,,,
ETH,1d,down,0.020,1282,556,0.433697,0.51961355,0.835,0.411094,0.456580,False,0.6347,0.519805,True,641,0.482059,0.568717,True,0.519805,True,641,0.482059,0.568717,True,0.519805,True,641,0.482059,0.568717,True,0.519805,True,641,0.482059,0.569462,True,0.519805,True,641,0.482059,0.568717,True,0.519805,True,641,0.482059,0.568717,True,0.519805,True,641,0.482059,0.568717,True,,,,,,
ETH,1d,down,0.030,1282,366,0.285491,0.34341557,0.831,0.265212,0.306675,False,0.6347,0.346116,True,641,0.324493,0.398753,True,0.346116,True,641,0.324493,0.398753,True,0.346116,True,641,0.324493,0.398753,True,0.346130,True,641,0.324493,0.403507,True,0.346116,True,641,0.324493,0.398753,True,0.346111,True,641,0.324493,0.398753,True,0.346102,True,641,0.324493,0.398753,True,,,,,,
ETH,1d,down,0.050,1282,171,0.133385,0.13333987,1.000,0.118536,0.149779,False,0.6347,0.149197,True,641,0.154446,0.186454,True,0.149197,True,641,0.154446,0.186454,True,0.149197,True,641,0.154446,0.186454,True,0.149501,True,641,0.154446,0.203648,True,0.149197,True,641,0.154446,0.186454,True,0.149067,True,641,0.154446,0.186232,True,0.148787,True,641,0.154446,0.186021,True,,,,,,
ETH,1d,down,0.075,1282,62,0.048362,0.03494812,1.384,0.039422,0.059204,True,0.6347,0.061725,True,641,0.063963,0.086362,True,0.061725,True,641,0.063963,0.086362,True,0.061725,True,641,0.063963,0.086362,True,0.062153,True,641,0.063963,0.094042,True,0.061725,True,641,0.063963,0.086362,True,0.061281,True,641,0.063963,0.085463,True,0.060355,True,641,0.063963,0.083985,True,,,,,,
ETH,1d,down,0.100,1282,26,0.020281,0.00805892,2.517,0.014744,0.027838,True,0.6347,0.032186,True,641,0.026521,0.050591,True,0.032186,True,641,0.026521,0.050591,True,0.032186,True,641,0.026521,0.050591,True,0.032029,True,641,0.026521,0.049695,True,0.032186,True,641,0.026521,0.050591,True,0.031401,True,641,0.026521,0.047427,True,0.030146,True,641,0.026521,0.044142,True,,,,,,
ETH,1d,down,0.150,1282,9,0.007020,0.00029095,24.129,0.004089,0.012028,True,0.6347,0.012258,True,641,0.009360,0.020395,True,0.012258,True,641,0.009360,0.020395,True,0.012258,True,641,0.009360,0.020395,True,0.011631,True,641,0.009360,0.018641,True,0.012258,True,641,0.009360,0.020395,True,0.011875,True,641,0.009360,0.018720,True,0.011348,True,641,0.009360,0.015612,True,,,,,,
ETH,1d,down,0.200,1282,3,0.002340,0.00000489,478.943,0.000936,0.005841,True,0.6347,0.006500,True,641,0.003120,0.010455,True,0.006500,True,641,0.003120,0.010455,True,0.006500,True,641,0.003120,0.010455,True,0.006315,True,641,0.003120,0.009694,True,0.006500,True,641,0.003120,0.010455,True,0.006419,True,641,0.003120,0.010082,True,0.006311,True,641,0.003120,0.009029,True,,,,,,
ETH,1d,up,0.010,1282,857,0.668487,0.73997574,0.903,0.646526,0.689738,False,0.6347,0.739976,True,641,0.697348,0.780165,True,0.739976,True,641,0.697348,0.780165,True,0.739976,True,641,0.697348,0.780165,True,0.739976,True,641,0.697348,0.780165,True,0.739976,True,641,0.697348,0.780165,True,0.739976,True,641,0.697348,0.780165,True,0.739976,True,641,0.697348,0.780165,True,,,,,,
ETH,1d,up,0.020,1282,565,0.440718,0.51724131,0.852,0.418059,0.463626,False,0.6347,0.517261,True,641,0.466459,0.565501,True,0.517261,True,641,0.466459,0.565501,True,0.517261,True,641,0.466459,0.565501,True,0.517261,True,641,0.466459,0.565724,True,0.517261,True,641,0.466459,0.565501,True,0.517261,True,641,0.466459,0.565501,True,0.517261,True,641,0.466459,0.565501,True,,,,,,
ETH,1d,up,0.030,1282,344,0.268331,0.34633255,0.775,0.248479,0.289158,False,0.6347,0.347120,True,641,0.285491,0.402039,True,0.347120,True,641,0.285491,0.402039,True,0.347120,True,641,0.285491,0.402039,True,0.347120,True,641,0.285491,0.405846,True,0.347120,True,641,0.285491,0.402039,True,0.347123,True,641,0.285491,0.402039,True,0.347116,True,641,0.285491,0.402039,True,,,,,,
ETH,1d,up,0.050,1282,133,0.103744,0.14308625,0.725,0.090560,0.118597,False,0.6347,0.151770,True,641,0.124805,0.197065,True,0.151770,True,641,0.124805,0.197065,True,0.151770,True,641,0.124805,0.197065,True,0.151653,True,641,0.124805,0.220867,True,0.151770,True,641,0.124805,0.197065,True,0.151563,True,641,0.124805,0.197010,True,0.151358,True,641,0.124805,0.196867,True,,,,,,
ETH,1d,up,0.075,1282,53,0.041342,0.04353288,0.950,0.033121,0.051494,False,0.6347,0.063297,True,641,0.053042,0.095166,True,0.063297,True,641,0.053042,0.095166,True,0.063297,True,641,0.053042,0.095166,True,0.062744,True,641,0.053042,0.107549,True,0.063297,True,641,0.053042,0.095166,True,0.062426,True,641,0.053042,0.094772,True,0.061628,True,641,0.053042,0.094015,True,,,,,,
ETH,1d,up,0.100,1282,20,0.015601,0.01265729,1.233,0.010843,0.022399,False,0.6347,0.033307,True,641,0.018721,0.056134,True,0.033307,True,641,0.018721,0.056134,True,0.033307,True,641,0.018721,0.056134,True,0.031998,True,641,0.018721,0.056941,True,0.033307,True,641,0.018721,0.056134,True,0.031671,True,641,0.018721,0.054744,True,0.030296,True,641,0.018721,0.052084,True,,,,,,
ETH,1d,up,0.150,1282,7,0.005460,0.00099774,5.473,0.002963,0.010040,True,0.6347,0.013448,True,641,0.007800,0.022830,True,0.013448,True,641,0.007800,0.022830,True,0.013448,True,641,0.007800,0.022830,True,0.012765,True,641,0.007800,0.021970,True,0.013448,True,641,0.007800,0.022830,True,0.012501,True,641,0.007800,0.021897,True,0.011470,True,641,0.007800,0.018992,True,,,,,,
ETH,1d,up,0.200,1282,3,0.002340,0.00006869,34.069,0.000936,0.005841,True,0.6347,0.008052,True,641,0.003120,0.012896,True,0.008052,True,641,0.003120,0.012896,True,0.008052,True,641,0.003120,0.012896,True,0.007695,True,641,0.003120,0.011806,True,0.008052,True,641,0.003120,0.012896,True,0.007659,True,641,0.003120,0.012116,True,0.007265,True,641,0.003120,0.010057,True,,,,,,
SOL,1d,down,0.010,1276,975,0.764107,0.80282240,0.952,0.744011,0.783085,False,0.8135,0.802822,True,641,0.751950,0.789636,True,0.802822,True,641,0.751950,0.789636,True,0.802822,True,641,0.751950,0.789636,True,0.802822,True,641,0.751950,0.789636,True,0.802822,True,641,0.751950,0.789636,True,0.802822,True,641,0.751950,0.789636,True,0.802822,True,641,0.751950,0.789636,True,,,,,,
SOL,1d,down,0.020,1276,714,0.559561,0.61775877,0.906,0.536599,0.582271,False,0.8135,0.617759,True,641,0.544462,0.595035,True,0.617759,True,641,0.544462,0.595035,True,0.617759,True,641,0.544462,0.595035,True,0.617759,True,641,0.544462,0.595476,True,0.617759,True,641,0.544462,0.595035,True,0.617759,True,641,0.544462,0.595035,True,0.617759,True,641,0.544462,0.595035,True,,,,,,
SOL,1d,down,0.030,1276,507,0.397335,0.45700809,0.869,0.375042,0.420063,False,0.8135,0.457471,True,641,0.383775,0.431265,True,0.457471,True,641,0.383775,0.431265,True,0.457471,True,641,0.383775,0.431265,True,0.457471,True,641,0.383775,0.435492,True,0.457471,True,641,0.383775,0.431265,True,0.457471,True,641,0.383775,0.431265,True,0.457471,True,641,0.383775,0.431265,True,,,,,,
SOL,1d,down,0.050,1276,258,0.202194,0.22628734,0.894,0.184339,0.221310,False,0.8135,0.233459,True,641,0.185647,0.217252,True,0.233459,True,641,0.185647,0.217252,True,0.233459,True,641,0.185647,0.217252,True,0.233522,True,641,0.185647,0.232932,True,0.233459,True,641,0.185647,0.217252,True,0.233449,True,641,0.185647,0.217141,True,0.233407,True,641,0.185647,0.217003,True,,,,,,
SOL,1d,down,0.075,1276,116,0.090909,0.08186652,1.110,0.078523,0.105027,False,0.8135,0.104413,True,641,0.081123,0.104449,True,0.104413,True,641,0.081123,0.104449,True,0.104413,True,641,0.081123,0.104449,True,0.104704,True,641,0.081123,0.113303,True,0.104413,True,641,0.081123,0.104449,True,0.104253,True,641,0.081123,0.103548,True,0.103898,True,641,0.081123,0.102499,True,,,,,,
SOL,1d,down,0.100,1276,40,0.031348,0.02704782,1.159,0.024263,0.040416,False,0.8135,0.054757,True,641,0.028081,0.061559,True,0.054757,True,641,0.028081,0.061559,True,0.054757,True,641,0.028081,0.061559,True,0.055459,True,641,0.028081,0.062179,True,0.054757,True,641,0.028081,0.061559,True,0.054218,True,641,0.028081,0.058847,True,0.053083,True,641,0.028081,0.055932,True,,,,,,
SOL,1d,down,0.150,1276,16,0.012539,0.00258691,4.847,0.008349,0.018792,True,0.8135,0.021103,True,641,0.009360,0.025842,True,0.021103,True,641,0.009360,0.025842,True,0.021103,True,641,0.009360,0.025842,True,0.020345,True,641,0.009360,0.023673,True,0.021103,True,641,0.009360,0.025842,True,0.020442,True,641,0.009360,0.023897,True,0.019461,True,641,0.009360,0.020669,True,,,,,,
SOL,1d,down,0.200,1276,7,0.005486,0.00020372,26.929,0.002977,0.010087,True,0.8135,0.010528,True,641,0.003120,0.013386,True,0.010528,True,641,0.003120,0.013386,True,0.010528,True,641,0.003120,0.013386,True,0.010035,True,641,0.003120,0.012076,True,0.010528,True,641,0.003120,0.013386,True,0.010245,True,641,0.003120,0.012624,True,0.009850,True,641,0.003120,0.011172,True,,,,,,
SOL,1d,up,0.010,1276,997,0.781348,0.79677221,0.981,0.761731,0.799775,False,0.8135,0.796772,True,641,0.750390,0.799611,True,0.796772,True,641,0.750390,0.799611,True,0.796772,True,641,0.750390,0.799611,True,0.796772,True,641,0.750390,0.799611,True,0.796772,True,641,0.750390,0.799611,True,0.796772,True,641,0.750390,0.799611,True,0.796772,True,641,0.750390,0.799611,True,,,,,,
SOL,1d,up,0.020,1276,729,0.571317,0.61237122,0.933,0.548401,0.593930,False,0.8135,0.612371,True,641,0.517941,0.590957,True,0.612371,True,641,0.517941,0.590957,True,0.612371,True,641,0.517941,0.590957,True,0.612371,True,641,0.517941,0.591028,True,0.612371,True,641,0.517941,0.590957,True,0.612371,True,641,0.517941,0.590957,True,0.612371,True,641,0.517941,0.590957,True,,,,,,
SOL,1d,up,0.030,1276,541,0.423981,0.45620414,0.929,0.401410,0.446874,False,0.8135,0.456283,True,641,0.375975,0.433190,True,0.456283,True,641,0.375975,0.433190,True,0.456283,True,641,0.375975,0.433190,True,0.456283,True,641,0.375975,0.436589,True,0.456283,True,641,0.375975,0.433190,True,0.456283,True,641,0.375975,0.433190,True,0.456283,True,641,0.375975,0.433190,True,,,,,,
SOL,1d,up,0.050,1276,279,0.218652,0.23574718,0.927,0.200225,0.238269,False,0.8135,0.238168,True,641,0.177847,0.227480,True,0.238168,True,641,0.177847,0.227480,True,0.238168,True,641,0.177847,0.227480,True,0.238161,True,641,0.177847,0.248043,True,0.238168,True,641,0.177847,0.227480,True,0.238149,True,641,0.177847,0.227434,True,0.238124,True,641,0.177847,0.227347,True,,,,,,
SOL,1d,up,0.075,1276,114,0.089342,0.09511315,0.939,0.077061,0.103360,False,0.8135,0.109508,True,641,0.065523,0.114855,True,0.109508,True,641,0.065523,0.114855,True,0.109508,True,641,0.065523,0.114855,True,0.109338,True,641,0.065523,0.129232,True,0.109508,True,641,0.065523,0.114855,True,0.109224,True,641,0.065523,0.114423,True,0.108982,True,641,0.065523,0.113756,True,,,,,,
SOL,1d,up,0.100,1276,61,0.047806,0.03704615,1.290,0.038902,0.058623,True,0.8135,0.058689,True,641,0.024961,0.069039,True,0.058689,True,641,0.024961,0.069039,True,0.058689,True,641,0.024961,0.069039,True,0.058033,True,641,0.024961,0.071939,True,0.058689,True,641,0.024961,0.069039,True,0.057542,True,641,0.024961,0.067829,True,0.056539,True,641,0.024961,0.065710,True,,,,,,
SOL,1d,up,0.150,1276,11,0.008621,0.00573087,1.504,0.005283,0.014038,False,0.8135,0.024050,True,641,0.004680,0.029635,True,0.024050,True,641,0.004680,0.029635,True,0.024050,True,641,0.004680,0.029635,True,0.022561,True,641,0.004680,0.029021,True,0.024050,True,641,0.004680,0.029635,True,0.022296,True,641,0.004680,0.028536,True,0.020689,True,641,0.004680,0.025420,True,,,,,,
SOL,1d,up,0.200,1276,5,0.003918,0.00095210,4.116,0.001909,0.008028,True,0.8135,0.012823,True,641,0.003120,0.016345,True,0.012823,True,641,0.003120,0.016345,True,0.012823,True,641,0.003120,0.016345,True,0.012042,True,641,0.003120,0.015512,True,0.012823,True,641,0.003120,0.016345,True,0.011938,True,641,0.003120,0.015592,True,0.011015,True,641,0.003120,0.013448,True,,,,,,
HYPE,1d,down,0.010,634,535,0.843849,0.84812965,0.995,0.818680,0.866095,False,1.0307,0.848130,True,634,0.843849,0.848130,True,0.848130,True,634,0.843849,0.848130,True,0.848130,True,634,0.843849,0.848130,True,0.848130,True,634,0.843849,0.848130,True,0.848130,True,634,0.843849,0.848130,True,0.848130,True,634,0.843849,0.848130,True,0.848130,True,634,0.843849,0.848130,True,,,,,,
HYPE,1d,down,0.020,634,424,0.668770,0.70034793,0.955,0.637364,0.698741,False,1.0307,0.700348,True,634,0.668770,0.700348,True,0.700348,True,634,0.668770,0.700348,True,0.700348,True,634,0.668770,0.700348,True,0.700348,True,634,0.668770,0.700348,True,0.700348,True,634,0.668770,0.700348,True,0.700348,True,634,0.668770,0.700348,True,0.700348,True,634,0.668770,0.700348,True,,,,,,
HYPE,1d,down,0.030,634,337,0.531546,0.56308610,0.944,0.498883,0.563940,False,1.0307,0.563086,True,634,0.531546,0.563086,True,0.563086,True,634,0.531546,0.563086,True,0.563086,True,634,0.531546,0.563086,True,0.563086,True,634,0.531546,0.563418,True,0.563086,True,634,0.531546,0.563086,True,0.563086,True,634,0.531546,0.563086,True,0.563086,True,634,0.531546,0.563086,True,,,,,,
HYPE,1d,down,0.050,634,178,0.280757,0.33722382,0.833,0.252381,0.310996,False,1.0307,0.339043,True,634,0.280757,0.339138,True,0.339043,True,634,0.280757,0.339138,True,0.339043,True,634,0.280757,0.339138,True,0.339043,True,634,0.280757,0.349039,True,0.339043,True,634,0.280757,0.339138,True,0.339043,True,634,0.280757,0.339138,True,0.339043,True,634,0.280757,0.339138,True,,,,,,
HYPE,1d,down,0.075,634,83,0.130915,0.15632926,0.837,0.110439,0.154527,False,1.0307,0.168273,True,634,0.130915,0.172695,True,0.168273,True,634,0.130915,0.172695,True,0.168273,True,634,0.130915,0.172695,True,0.168412,True,634,0.130915,0.190542,True,0.168273,True,634,0.130915,0.172695,True,0.168240,True,634,0.130915,0.172574,True,0.168142,True,634,0.130915,0.172431,True,,,,,,
HYPE,1d,down,0.100,634,40,0.063091,0.06424599,0.982,0.048991,0.080905,False,1.0307,0.088783,True,634,0.063091,0.099047,True,0.088783,True,634,0.063091,0.099047,True,0.088783,True,634,0.063091,0.099047,True,0.089315,True,634,0.063091,0.108424,True,0.088783,True,634,0.063091,0.099047,True,0.088557,True,634,0.063091,0.098022,True,0.088002,True,634,0.063091,0.096998,True,,,,,,
HYPE,1d,down,0.150,634,9,0.014196,0.00803862,1.766,0.008277,0.024243,True,1.0307,0.035100,True,634,0.014196,0.044543,True,0.035100,True,634,0.014196,0.044543,True,0.035100,True,634,0.014196,0.044543,True,0.035229,True,634,0.014196,0.043727,True,0.035100,True,634,0.014196,0.044543,True,0.034315,True,634,0.014196,0.041314,True,0.032870,True,634,0.014196,0.037087,True,,,,,,
HYPE,1d,down,0.200,634,2,0.003155,0.00070832,4.454,0.001044,0.009487,True,1.0307,0.016950,True,634,0.003155,0.022376,True,0.016950,True,634,0.003155,0.022376,True,0.016950,True,634,0.003155,0.022376,True,0.015919,True,634,0.003155,0.020290,True,0.016950,True,634,0.003155,0.022376,True,0.016322,True,634,0.003155,0.020294,True,0.015438,True,634,0.003155,0.016363,True,,,,,,
HYPE,1d,up,0.010,634,531,0.837539,0.84121268,0.996,0.812017,0.860193,False,1.0307,0.841213,True,634,0.837539,0.873170,True,0.841213,True,634,0.837539,0.873170,True,0.841213,True,634,0.837539,0.873170,True,0.841213,True,634,0.837539,0.873170,True,0.841213,True,634,0.837539,0.873170,True,0.841213,True,634,0.837539,0.873170,True,0.841213,True,634,0.837539,0.873170,True,,,,,,
HYPE,1d,up,0.020,634,438,0.690852,0.69214010,0.998,0.659904,0.720177,False,1.0307,0.692140,True,634,0.690852,0.693023,True,0.692140,True,634,0.690852,0.693023,True,0.692140,True,634,0.690852,0.693023,True,0.692140,True,634,0.690852,0.693023,True,0.692140,True,634,0.690852,0.693023,True,0.692140,True,634,0.690852,0.693023,True,0.692140,True,634,0.690852,0.693023,True,,,,,,
HYPE,1d,up,0.030,634,352,0.555205,0.55779047,0.995,0.522576,0.587365,False,1.0307,0.557790,True,634,0.555205,0.558012,True,0.557790,True,634,0.555205,0.558012,True,0.557790,True,634,0.555205,0.558012,True,0.557790,True,634,0.555205,0.558012,True,0.557790,True,634,0.555205,0.558012,True,0.557790,True,634,0.555205,0.558012,True,0.557790,True,634,0.555205,0.558012,True,,,,,,
HYPE,1d,up,0.050,634,213,0.335962,0.34311553,0.979,0.305862,0.367456,False,1.0307,0.343298,True,634,0.335962,0.349403,True,0.343298,True,634,0.335962,0.349403,True,0.343298,True,634,0.335962,0.349403,True,0.343298,True,634,0.335962,0.356031,True,0.343298,True,634,0.335962,0.349403,True,0.343298,True,634,0.335962,0.349403,True,0.343298,True,634,0.335962,0.349403,True,,,,,,
HYPE,1d,up,0.075,634,107,0.168770,0.17264329,0.978,0.145721,0.194633,False,1.0307,0.177508,True,634,0.168770,0.191685,True,0.177508,True,634,0.168770,0.191685,True,0.177508,True,634,0.168770,0.191685,True,0.177508,True,634,0.168770,0.212841,True,0.177508,True,634,0.168770,0.191685,True,0.177504,True,634,0.168770,0.191682,True,0.177471,True,634,0.168770,0.191620,True,,,,,,
HYPE,1d,up,0.100,634,53,0.083596,0.08173396,1.023,0.067237,0.103495,False,1.0307,0.096887,True,634,0.083596,0.112866,True,0.096887,True,634,0.083596,0.112866,True,0.096887,True,634,0.083596,0.112866,True,0.096626,True,634,0.083596,0.129234,True,0.096887,True,634,0.083596,0.112866,True,0.096565,True,634,0.083596,0.112603,True,0.096280,True,634,0.083596,0.112062,True,,,,,,
HYPE,1d,up,0.150,634,16,0.025237,0.01647689,1.532,0.016833,0.037675,True,1.0307,0.040546,True,634,0.025237,0.054304,True,0.040546,True,634,0.025237,0.054304,True,0.040546,True,634,0.025237,0.054304,True,0.039214,True,634,0.025237,0.055411,True,0.040546,True,634,0.025237,0.054304,True,0.038762,True,634,0.025237,0.052964,True,0.037427,True,634,0.025237,0.050532,True,,,,,,
HYPE,1d,up,0.200,634,5,0.007886,0.00309323,2.550,0.003844,0.016111,True,1.0307,0.021466,True,634,0.007886,0.029444,True,0.021466,True,634,0.007886,0.029444,True,0.021466,True,634,0.007886,0.029444,True,0.019826,True,634,0.007886,0.028409,True,0.021466,True,634,0.007886,0.029444,True,0.019441,True,634,0.007886,0.027999,True,0.017810,True,634,0.007886,0.024756,True,,,,,,
BTC,7d,down,0.010,183,158,0.863388,0.87042361,0.992,0.816303,0.899884,False,0.4646,0.870424,True,92,0.815217,0.861983,True,0.870424,True,92,0.815217,0.861983,True,0.870424,True,92,0.815217,0.861983,True,0.876528,True,92,0.815217,0.868487,True,0.870424,True,92,0.815217,0.861983,True,0.870424,True,92,0.815217,0.861983,True,0.870424,True,92,0.815217,0.861983,True,,,,,,
BTC,7d,down,0.020,183,136,0.743169,0.74297340,1.000,0.686775,0.792478,False,0.4646,0.742973,False,92,0.771739,0.726718,False,0.742973,False,92,0.771739,0.735957,False,0.742973,False,92,0.771739,0.726718,False,0.806090,True,92,0.771739,0.800306,True,0.742973,False,92,0.771739,0.732899,False,0.742973,False,92,0.771739,0.726718,False,0.742973,False,92,0.771739,0.726718,False,,,,,,
BTC,7d,down,0.030,183,103,0.562842,0.62205503,0.905,0.502046,0.621805,False,0.4646,0.622098,True,92,0.619565,0.599333,False,0.622098,True,92,0.619565,0.638038,True,0.622098,True,92,0.619565,0.599333,False,0.702465,True,92,0.619565,0.748460,True,0.622055,True,92,0.619565,0.628678,True,0.622098,True,92,0.619565,0.599333,False,0.622098,True,92,0.619565,0.599333,False,,,,,,
BTC,7d,down,0.050,183,66,0.360656,0.41292709,0.873,0.304690,0.420681,False,0.4646,0.419041,True,92,0.369565,0.392898,True,0.421238,True,92,0.369565,0.424371,True,0.419031,True,92,0.369565,0.392898,True,0.503161,True,92,0.369565,0.623753,True,0.418151,True,92,0.369565,0.401784,True,0.419025,True,92,0.369565,0.391383,True,0.419031,True,92,0.369565,0.390230,True,,,,,,
BTC,7d,down,0.075,183,34,0.185792,0.22650718,0.820,0.143202,0.237538,False,0.4646,0.259155,True,92,0.195652,0.240905,True,0.267911,True,92,0.195652,0.257359,True,0.258385,True,92,0.195652,0.237375,True,0.347564,True,92,0.195652,0.480019,True,0.255552,True,92,0.195652,0.224850,True,0.258346,True,92,0.195652,0.230337,True,0.258339,True,92,0.195652,0.223436,True,,,,,,
BTC,7d,down,0.100,183,19,0.103825,0.11506482,0.902,0.072329,0.146865,False,0.4646,0.178201,True,92,0.119565,0.177065,True,0.179281,True,92,0.119565,0.170119,True,0.171883,True,92,0.119565,0.159791,True,0.247747,True,92,0.119565,0.375615,True,0.161282,True,92,0.119565,0.130719,True,0.172912,True,92,0.119565,0.158334,True,0.171054,True,92,0.119565,0.140682,True,,,,,,
BTC,7d,down,0.150,183,8,0.043716,0.02539384,1.722,0.024805,0.075922,False,0.4646,0.130221,True,92,0.043478,0.132311,True,0.100093,True,92,0.043478,0.093401,True,0.105924,True,92,0.043478,0.102694,True,0.139574,True,92,0.043478,0.235314,True,0.086510,True,92,0.043478,0.072198,True,0.112703,True,92,0.043478,0.110389,True,0.097189,True,92,0.043478,0.089397,True,,,,,,
BTC,7d,down,0.200,183,1,0.005464,0.00489424,1.117,0.001220,0.024119,False,0.4646,0.102250,True,92,0.000000,0.110179,True,0.070772,True,92,0.000000,0.069383,True,0.078478,True,92,0.000000,0.090891,True,0.101656,True,92,0.000000,0.180058,True,0.058902,True,92,0.000000,0.063278,True,0.085795,True,92,0.000000,0.095712,True,0.064796,True,92,0.000000,0.082587,True,,,,,,
BTC,7d,up,0.010,183,156,0.852459,0.86307309,0.988,0.804211,0.890437,False,0.4646,0.863073,True,92,0.836957,0.872781,True,0.863073,True,92,0.836957,0.872781,True,0.863073,True,92,0.836957,0.872781,True,0.869002,True,92,0.836957,0.884285,True,0.863073,True,92,0.836957,0.872781,True,0.863073,True,92,0.836957,0.872781,True,0.863073,True,92,0.836957,0.872781,True,,,,,,
BTC,7d,up,0.020,183,132,0.721311,0.73321089,0.984,0.663874,0.772300,False,0.4646,0.733211,True,92,0.673913,0.729998,True,0.733211,True,92,0.673913,0.744308,True,0.733211,True,92,0.673913,0.729998,True,0.790301,True,92,0.673913,0.825495,True,0.733211,True,92,0.673913,0.726375,True,0.733211,True,92,0.673913,0.729998,True,0.733211,True,92,0.673913,0.729998,True,,,,,,
BTC,7d,up,0.030,183,102,0.557377,0.61384650,0.908,0.496583,0.616499,False,0.4646,0.613950,True,92,0.478261,0.615274,True,0.613950,True,92,0.478261,0.668485,True,0.613950,True,92,0.478261,0.615274,True,0.672684,True,92,0.478261,0.775271,True,0.613950,True,92,0.478261,0.605123,True,0.613950,True,92,0.478261,0.615274,True,0.613950,True,92,0.478261,0.615274,True,,,,,,
BTC,7d,up,0.050,183,72,0.393443,0.41440179,0.949,0.336010,0.453980,False,0.4646,0.420283,True,92,0.326087,0.445078,True,0.420182,True,92,0.326087,0.499655,True,0.420228,True,92,0.326087,0.444944,True,0.478840,True,92,0.326087,0.677553,True,0.417999,True,92,0.326087,0.440953,True,0.420082,True,92,0.326087,0.444957,True,0.419980,True,92,0.326087,0.444974,True,,,,,,
BTC,7d,up,0.075,183,42,0.229508,0.24062321,0.954,0.182539,0.284359,False,0.4646,0.277253,True,92,0.195652,0.315191,True,0.273864,True,92,0.195652,0.342888,True,0.275029,True,92,0.195652,0.304003,True,0.343067,True,92,0.195652,0.530093,True,0.265089,True,92,0.195652,0.279033,True,0.272898,True,92,0.195652,0.307803,True,0.269810,True,92,0.195652,0.307562,True,,,,,,
BTC,7d,up,0.100,183,23,0.125683,0.13483051,0.932,0.090755,0.171518,False,0.4646,0.215253,True,92,0.076087,0.252166,True,0.201384,True,92,0.076087,0.259495,True,0.203086,True,92,0.076087,0.228144,True,0.256198,True,92,0.076087,0.448707,True,0.185750,True,92,0.076087,0.220133,True,0.200588,True,92,0.076087,0.236451,True,0.192164,True,92,0.076087,0.232321,True,,,,,,
BTC,7d,up,0.150,183,7,0.038251,0.04067311,0.940,0.020870,0.069087,False,0.4646,0.179086,True,92,0.010870,0.171119,True,0.133011,True,92,0.010870,0.172266,True,0.136102,True,92,0.010870,0.155512,True,0.173728,True,92,0.010870,0.325408,True,0.114823,True,92,0.010870,0.135382,True,0.141201,True,92,0.010870,0.153468,True,0.125563,True,92,0.010870,0.163180,True,,,,,,
BTC,7d,up,0.200,183,4,0.021858,0.01238506,1.765,0.009850,0.047798,False,0.4646,0.162593,True,92,0.000000,0.106152,True,0.101575,True,92,0.000000,0.138152,True,0.104808,True,92,0.000000,0.115337,True,0.138117,True,92,0.000000,0.278750,True,0.088259,True,92,0.000000,0.123199,True,0.118319,True,92,0.000000,0.101128,True,0.099072,True,92,0.000000,0.133729,True,,,,,,
ETH,7d,down,0.010,183,159,0.868852,0.90558643,0.959,0.822381,0.904576,False,0.6396,0.905586,True,92,0.858696,0.917985,True,0.905586,True,92,0.858696,0.917985,True,0.905586,True,92,0.858696,0.917985,True,0.906412,True,92,0.858696,0.917985,True,0.905586,True,92,0.858696,0.917985,True,0.905586,True,92,0.858696,0.917985,True,0.905586,True,92,0.858696,0.917985,True,,,,,,
ETH,7d,down,0.020,183,142,0.775956,0.81135352,0.956,0.721449,0.822423,False,0.6396,0.811354,True,92,0.782609,0.835580,True,0.811354,True,92,0.782609,0.835580,True,0.811354,True,92,0.782609,0.835580,True,0.843248,True,92,0.782609,0.850508,True,0.811354,True,92,0.782609,0.835580,True,0.811354,True,92,0.782609,0.835580,True,0.811354,True,92,0.782609,0.835580,True,,,,,,
ETH,7d,down,0.030,183,124,0.677596,0.71930817,0.942,0.618533,0.731483,False,0.6396,0.719327,True,92,0.717391,0.754044,True,0.719327,True,92,0.717391,0.758729,True,0.719327,True,92,0.717391,0.754044,True,0.786494,True,92,0.717391,0.812093,True,0.719308,True,92,0.717391,0.757788,True,0.719327,True,92,0.717391,0.754044,True,0.719327,True,92,0.717391,0.754044,True,,,,,,
ETH,7d,down,0.050,183,90,0.491803,0.54858718,0.896,0.431580,0.552266,False,0.6396,0.549656,True,92,0.554348,0.598903,True,0.549876,True,92,0.554348,0.639313,True,0.549653,True,92,0.554348,0.598903,True,0.630435,True,92,0.554348,0.748546,True,0.548875,True,92,0.554348,0.633933,True,0.549652,True,92,0.554348,0.598903,True,0.549653,True,92,0.554348,0.598903,True,,,,,,
ETH,7d,down,0.075,183,62,0.338798,0.37139674,0.912,0.283970,0.398323,False,0.6396,0.381491,True,92,0.423913,0.432970,True,0.384831,True,92,0.423913,0.471799,True,0.381390,True,92,0.423913,0.432970,True,0.465808,True,92,0.423913,0.662131,True,0.379761,True,92,0.423913,0.454333,True,0.381385,True,92,0.423913,0.432222,True,0.381327,True,92,0.423913,0.431419,True,,,,,,
ETH,7d,down,0.100,183,42,0.229508,0.23915143,0.960,0.182539,0.284359,False,0.6396,0.269669,True,92,0.315217,0.312077,False,0.275945,True,92,0.315217,0.332014,True,0.268277,True,92,0.315217,0.310818,False,0.357444,True,92,0.315217,0.544121,True,0.265082,True,92,0.315217,0.311640,False,0.268363,True,92,0.315217,0.308228,False,0.268136,True,92,0.315217,0.305503,False,,,,,,
ETH,7d,down,0.150,183,17,0.092896,0.08704111,1.067,0.063291,0.134364,False,0.6396,0.161361,True,92,0.130435,0.186528,True,0.155262,True,92,0.130435,0.187342,True,0.150983,True,92,0.130435,0.176307,True,0.217613,True,92,0.130435,0.413516,True,0.138094,True,92,0.130435,0.151802,True,0.153439,True,92,0.130435,0.169984,True,0.148490,True,92,0.130435,0.156381,True,,,,,,
ETH,7d,down,0.200,183,10,0.054645,0.02705884,2.019,0.032942,0.089324,True,0.6396,0.126956,True,92,0.065217,0.144784,True,0.101980,True,92,0.065217,0.120022,True,0.107478,True,92,0.065217,0.116204,True,0.145783,True,92,0.065217,0.291389,True,0.086209,True,92,0.065217,0.084200,True,0.112724,True,92,0.065217,0.124538,True,0.100092,True,92,0.065217,0.099143,True,,,,,,
ETH,7d,up,0.010,183,161,0.879781,0.89754826,0.980,0.834606,0.913891,False,0.6396,0.897548,True,92,0.891304,0.929535,True,0.897548,True,92,0.891304,0.929535,True,0.897548,True,92,0.891304,0.929535,True,0.898311,True,92,0.891304,0.929633,True,0.897548,True,92,0.891304,0.929535,True,0.897548,True,92,0.891304,0.929535,True,0.897548,True,92,0.891304,0.929535,True,,,,,,
ETH,7d,up,0.020,183,132,0.721311,0.79903954,0.903,0.663874,0.772300,False,0.6396,0.799040,True,92,0.684783,0.838883,True,0.799040,True,92,0.684783,0.839019,True,0.799040,True,92,0.684783,0.838883,True,0.829843,True,92,0.684783,0.865281,True,0.799040,True,92,0.684783,0.838782,True,0.799040,True,92,0.684783,0.838883,True,0.799040,True,92,0.684783,0.838883,True,,,,,,
ETH,7d,up,0.030,183,109,0.595628,0.70603509,0.844,0.534982,0.653489,False,0.6396,0.706035,True,92,0.565217,0.752833,True,0.706035,True,92,0.565217,0.760713,True,0.706035,True,92,0.565217,0.752833,True,0.765323,True,92,0.565217,0.836008,True,0.706035,True,92,0.565217,0.750228,True,0.706035,True,92,0.565217,0.752833,True,0.706035,True,92,0.565217,0.752833,True,,,,,,
ETH,7d,up,0.050,183,85,0.464481,0.54067922,0.859,0.404798,0.525199,False,0.6396,0.541822,True,92,0.445652,0.614954,True,0.541855,True,92,0.445652,0.671576,True,0.541794,True,92,0.445652,0.614954,True,0.599617,True,92,0.445652,0.778143,True,0.541848,True,92,0.445652,0.601474,True,0.541773,True,92,0.445652,0.614954,True,0.541697,True,92,0.445652,0.614954,True,,,,,,
ETH,7d,up,0.075,183,60,0.327869,0.37651973,0.871,0.273659,0.387094,False,0.6396,0.388197,True,92,0.347826,0.479120,True,0.387928,True,92,0.347826,0.542668,True,0.387607,True,92,0.347826,0.478933,True,0.447033,True,92,0.347826,0.706452,True,0.384080,True,92,0.347826,0.479124,True,0.387305,True,92,0.347826,0.478951,True,0.386517,True,92,0.347826,0.478976,True,,,,,,
ETH,7d,up,0.100,183,38,0.207650,0.25652887,0.809,0.162765,0.261054,False,0.6396,0.292317,True,92,0.206522,0.381782,True,0.288112,True,92,0.206522,0.426303,True,0.289383,True,92,0.206522,0.379079,True,0.355007,True,92,0.206522,0.607269,True,0.278635,True,92,0.206522,0.365962,True,0.288168,True,92,0.206522,0.380121,True,0.285388,True,92,0.206522,0.380343,True,,,,,,
ETH,7d,up,0.150,183,17,0.092896,0.11462816,0.810,0.063291,0.134364,False,0.6396,0.205463,True,92,0.076087,0.266654,True,0.185333,True,92,0.076087,0.284484,True,0.188797,True,92,0.076087,0.250937,True,0.239635,True,92,0.076087,0.479635,True,0.170200,True,92,0.076087,0.242148,True,0.186606,True,92,0.076087,0.254912,True,0.177530,True,92,0.076087,0.254794,True,,,,,,
ETH,7d,up,0.200,183,7,0.038251,0.04997369,0.765,0.020870,0.069087,False,0.6396,0.179731,True,92,0.043478,0.220488,True,0.139464,True,92,0.043478,0.213559,True,0.146443,True,92,0.043478,0.190892,True,0.182001,True,92,0.043478,0.381370,True,0.122286,True,92,0.043478,0.163760,True,0.146824,True,92,0.043478,0.200466,True,0.132941,True,92,0.043478,0.200366,True,,,,,,
SOL,7d,down,0.010,182,163,0.895604,0.92803752,0.965,0.852351,0.927268,False,0.8153,0.928038,True,92,0.923913,0.922824,False,0.928038,True,92,0.923913,0.922824,False,0.928038,True,92,0.923913,0.922824,False,0.928056,True,92,0.923913,0.922837,False,0.928038,True,92,0.923913,0.922824,False,0.928038,True,92,0.923913,0.922824,False,0.928038,True,92,0.923913,0.922824,False,,,,,,
SOL,7d,down,0.020,182,147,0.807692,0.85551196,0.944,0.755274,0.851097,False,0.8153,0.855512,True,92,0.826087,0.845205,True,0.855512,True,92,0.826087,0.845217,True,0.855512,True,92,0.826087,0.845205,True,0.866310,True,92,0.826087,0.858413,True,0.855512,True,92,0.826087,0.845205,True,0.855512,True,92,0.826087,0.845205,True,0.855512,True,92,0.826087,0.845205,True,,,,,,
SOL,7d,down,0.030,182,132,0.725275,0.78331080,0.926,0.667850,0.776100,False,0.8153,0.783311,True,92,0.728261,0.768251,True,0.783311,True,92,0.728261,0.772303,True,0.783311,True,92,0.728261,0.768251,True,0.832629,True,92,0.728261,0.820004,True,0.783311,True,92,0.728261,0.771324,True,0.783311,True,92,0.728261,0.768251,True,0.783311,True,92,0.728261,0.768251,True,,,,,,
SOL,7d,down,0.050,182,110,0.604396,0.64332473,0.939,0.543666,0.662067,False,0.8153,0.643366,True,92,0.597826,0.620802,True,0.643366,True,92,0.597826,0.654280,True,0.643366,True,92,0.597826,0.620802,True,0.718185,True,92,0.597826,0.755864,True,0.643325,True,92,0.597826,0.648806,True,0.643366,True,92,0.597826,0.620802,True,0.643366,True,92,0.597826,0.620802,True,,,,,,
SOL,7d,down,0.075,182,78,0.428571,0.48421584,0.885,0.369715,0.489520,False,0.8153,0.486144,True,92,0.434783,0.460721,True,0.486914,True,92,0.434783,0.500802,True,0.486144,True,92,0.434783,0.460721,True,0.562541,True,92,0.434783,0.674590,True,0.485820,True,92,0.434783,0.486959,True,0.486144,True,92,0.434783,0.460066,True,0.486144,True,92,0.434783,0.459556,True,,,,,,
SOL,7d,down,0.100,182,62,0.340659,0.35001863,0.973,0.285587,0.400400,False,0.8153,0.361180,True,92,0.336957,0.341896,True,0.365240,True,92,0.336957,0.365502,True,0.361070,True,92,0.336957,0.341148,True,0.448185,True,92,0.336957,0.571315,True,0.359658,True,92,0.336957,0.347155,True,0.361055,True,92,0.336957,0.338513,True,0.361070,True,92,0.336957,0.336356,False,,,,,,
SOL,7d,down,0.150,182,25,0.137363,0.16396768,0.838,0.100676,0.184673,False,0.8153,0.211180,True,92,0.141304,0.206789,True,0.218468,True,92,0.141304,0.211688,True,0.208445,True,92,0.141304,0.198525,True,0.294435,True,92,0.141304,0.441942,True,0.204872,True,92,0.141304,0.178586,True,0.208876,True,92,0.141304,0.192600,True,0.208121,True,92,0.141304,0.180647,True,,,,,,
SOL,7d,down,0.200,182,13,0.071429,0.06802328,1.050,0.045911,0.109502,False,0.8153,0.152124,True,92,0.076087,0.156630,True,0.140131,True,92,0.076087,0.135963,True,0.139756,True,92,0.076087,0.130888,True,0.198515,True,92,0.076087,0.316404,True,0.123073,True,92,0.076087,0.099910,True,0.142231,True,92,0.076087,0.136277,True,0.136904,True,92,0.076087,0.113633,True,,,,,,
SOL,7d,up,0.010,182,169,0.928571,0.91955865,1.010,0.890498,0.954089,False,0.8153,0.919559,False,92,0.913043,0.934383,True,0.919559,False,92,0.913043,0.934383,True,0.919559,False,92,0.913043,0.934383,True,0.919578,False,92,0.913043,0.934494,True,0.919559,False,92,0.913043,0.934383,True,0.919559,False,92,0.913043,0.934383,True,0.919559,False,92,0.913043,0.934383,True,,,,,,
SOL,7d,up,0.020,182,153,0.840659,0.84152528,0.999,0.791094,0.880245,False,0.8153,0.841525,True,92,0.826087,0.848434,True,0.841525,True,92,0.826087,0.848598,True,0.841525,True,92,0.826087,0.848434,True,0.852968,True,92,0.826087,0.871618,True,0.841525,True,92,0.826087,0.848383,True,0.841525,True,92,0.826087,0.848434,True,0.841525,True,92,0.826087,0.848434,True,,,,,,
SOL,7d,up,0.030,182,132,0.725275,0.76658662,0.946,0.667850,0.776100,False,0.8153,0.766587,True,92,0.684783,0.766344,True,0.766587,True,92,0.684783,0.772398,True,0.766587,True,92,0.684783,0.766344,True,0.815539,True,92,0.684783,0.841150,True,0.766587,True,92,0.684783,0.764435,True,0.766587,True,92,0.684783,0.766344,True,0.766587,True,92,0.684783,0.766344,True,,,,,,
SOL,7d,up,0.050,182,104,0.571429,0.62811953,0.910,0.510480,0.630285,False,0.8153,0.628221,True,92,0.532609,0.633943,True,0.628221,True,92,0.532609,0.681628,True,0.628221,True,92,0.532609,0.633943,True,0.689602,True,92,0.532609,0.782417,True,0.628221,True,92,0.532609,0.620621,True,0.628221,True,92,0.532609,0.633943,True,0.628221,True,92,0.532609,0.633943,True,,,,,,
SOL,7d,up,0.075,182,81,0.445055,0.47967223,0.928,0.385707,0.506013,False,0.8153,0.481628,True,92,0.347826,0.502158,True,0.481599,True,92,0.347826,0.565428,True,0.481609,True,92,0.347826,0.501931,True,0.537991,True,92,0.347826,0.717771,True,0.480904,True,92,0.347826,0.496639,True,0.481558,True,92,0.347826,0.501952,True,0.481518,True,92,0.347826,0.501982,True,,,,,,
SOL,7d,up,0.100,182,61,0.335165,0.35967621,0.932,0.280397,0.394762,False,0.8153,0.371628,True,92,0.250000,0.405290,True,0.371122,True,92,0.250000,0.452390,True,0.371365,True,92,0.250000,0.402979,True,0.437345,True,92,0.250000,0.626321,True,0.367858,True,92,0.250000,0.388333,True,0.370970,True,92,0.250000,0.403688,True,0.370521,True,92,0.250000,0.403703,True,,,,,,
SOL,7d,up,0.150,182,37,0.203297,0.19495393,1.043,0.158741,0.256544,False,0.8153,0.248666,True,92,0.141304,0.289000,True,0.243294,True,92,0.141304,0.312882,True,0.244074,True,92,0.141304,0.276015,True,0.307556,True,92,0.141304,0.505986,True,0.230997,True,92,0.141304,0.266646,True,0.241357,True,92,0.141304,0.279752,True,0.236602,True,92,0.141304,0.279128,True,,,,,,
SOL,7d,up,0.200,182,22,0.120879,0.10314155,1.172,0.086590,0.166275,False,0.8153,0.202190,True,92,0.076087,0.233853,True,0.179995,True,92,0.076087,0.234670,True,0.185117,True,92,0.076087,0.209697,True,0.231494,True,92,0.076087,0.407732,True,0.164501,True,92,0.076087,0.186967,True,0.181582,True,92,0.076087,0.216959,True,0.171744,True,92,0.076087,0.217100,True,,,,,,
HYPE,7d,down,0.010,90,85,0.944444,0.94531080,0.999,0.890248,0.972699,False,1.0325,0.945311,True,90,0.944444,0.945311,True,0.945311,True,90,0.944444,0.945311,True,0.945311,True,90,0.944444,0.945311,True,0.945311,True,90,0.944444,0.945311,True,0.945311,True,90,0.944444,0.945311,True,0.945311,True,90,0.944444,0.945311,True,0.945311,True,90,0.944444,0.945311,True,,,,,,
HYPE,7d,down,0.020,90,74,0.822222,0.88990605,0.924,0.746831,0.878806,False,1.0325,0.889906,True,90,0.822222,0.889906,True,0.889906,True,90,0.822222,0.889906,True,0.889906,True,90,0.822222,0.889906,True,0.891233,True,90,0.822222,0.890908,True,0.889906,True,90,0.822222,0.889906,True,0.889906,True,90,0.822222,0.889906,True,0.889906,True,90,0.822222,0.889906,True,,,,,,
HYPE,7d,down,0.030,90,73,0.811111,0.83417308,0.972,0.734550,0.869513,False,1.0325,0.834173,True,90,0.811111,0.834173,True,0.834173,True,90,0.811111,0.834173,True,0.834173,True,90,0.811111,0.834173,True,0.855126,True,90,0.811111,0.851047,True,0.834173,True,90,0.811111,0.834173,True,0.834173,True,90,0.811111,0.834173,True,0.834173,True,90,0.811111,0.834173,True,,,,,,
HYPE,7d,down,0.050,90,61,0.677778,0.72332139,0.937,0.592586,0.752593,False,1.0325,0.723321,True,90,0.677778,0.723321,True,0.723321,True,90,0.677778,0.732183,True,0.723321,True,90,0.677778,0.723321,True,0.793381,True,90,0.677778,0.800430,True,0.723321,True,90,0.677778,0.731091,True,0.723321,True,90,0.677778,0.723321,True,0.723321,True,90,0.677778,0.723321,True,,,,,,
HYPE,7d,down,0.075,90,51,0.566667,0.58994153,0.961,0.480044,0.649398,False,1.0325,0.589990,True,90,0.566667,0.590230,True,0.589990,True,90,0.566667,0.632896,True,0.589990,True,90,0.566667,0.590230,True,0.664959,True,90,0.566667,0.748338,True,0.589942,True,90,0.566667,0.629057,True,0.589990,True,90,0.566667,0.590230,True,0.589990,True,90,0.566667,0.590230,True,,,,,,
HYPE,7d,down,0.100,90,41,0.455556,0.46736452,0.975,0.371764,0.541941,False,1.0325,0.469341,True,90,0.455556,0.470158,True,0.470171,True,90,0.455556,0.511620,True,0.469341,True,90,0.455556,0.470158,True,0.545202,True,90,0.455556,0.685605,True,0.469314,True,90,0.455556,0.501203,True,0.469341,True,90,0.455556,0.469921,True,0.469341,True,90,0.455556,0.469776,True,,,,,,
HYPE,7d,down,0.150,90,24,0.266667,0.26869110,0.992,0.197624,0.349328,False,1.0325,0.289531,True,90,0.266667,0.292443,True,0.297944,True,90,0.266667,0.309726,True,0.289217,True,90,0.266667,0.291398,True,0.380357,True,90,0.266667,0.533566,True,0.289103,True,90,0.266667,0.286088,True,0.289124,True,90,0.266667,0.287807,True,0.289217,True,90,0.266667,0.284590,True,,,,,,
HYPE,7d,down,0.200,90,16,0.177778,0.13762630,1.292,0.121194,0.253169,False,1.0325,0.190466,True,90,0.177778,0.194683,True,0.198110,True,90,0.177778,0.204470,True,0.187675,True,90,0.177778,0.186836,True,0.270612,True,90,0.177778,0.429395,True,0.181980,True,90,0.177778,0.165956,False,0.188225,True,90,0.177778,0.183517,True,0.187273,True,90,0.177778,0.169889,False,,,,,,
HYPE,7d,up,0.010,90,81,0.900000,0.93649150,0.961,0.835763,0.940889,False,1.0325,0.936491,True,90,0.900000,0.956907,True,0.936491,True,90,0.900000,0.956907,True,0.936491,True,90,0.900000,0.956907,True,0.936491,True,90,0.900000,0.956907,True,0.936491,True,90,0.900000,0.956907,True,0.936491,True,90,0.900000,0.956907,True,0.936491,True,90,0.900000,0.956907,True,,,,,,
HYPE,7d,up,0.020,90,76,0.844444,0.87459563,0.966,0.771665,0.897119,False,1.0325,0.874596,True,90,0.844444,0.893567,True,0.874596,True,90,0.844444,0.893567,True,0.874596,True,90,0.844444,0.893567,True,0.876497,True,90,0.844444,0.896555,True,0.874596,True,90,0.844444,0.893567,True,0.874596,True,90,0.844444,0.893567,True,0.874596,True,90,0.844444,0.893567,True,,,,,,
HYPE,7d,up,0.030,90,70,0.777778,0.81460770,0.955,0.698187,0.841155,False,1.0325,0.814608,True,90,0.777778,0.830731,True,0.814608,True,90,0.777778,0.830839,True,0.814608,True,90,0.777778,0.830731,True,0.839351,True,90,0.777778,0.863583,True,0.814608,True,90,0.777778,0.830642,True,0.814608,True,90,0.777778,0.830731,True,0.814608,True,90,0.777778,0.830731,True,,,,,,
HYPE,7d,up,0.050,90,59,0.655556,0.70133127,0.935,0.569711,0.732321,False,1.0325,0.701331,True,90,0.655556,0.721376,True,0.701331,True,90,0.655556,0.734260,True,0.701331,True,90,0.655556,0.721376,True,0.768024,True,90,0.655556,0.817520,True,0.701331,True,90,0.655556,0.715916,True,0.701331,True,90,0.655556,0.721376,True,0.701331,True,90,0.655556,0.721376,True,,,,,,
HYPE,7d,up,0.075,90,48,0.533333,0.57407277,0.929,0.447128,0.617593,False,1.0325,0.574125,True,90,0.533333,0.607134,True,0.574125,True,90,0.533333,0.665235,True,0.574125,True,90,0.533333,0.607134,True,0.637449,True,90,0.533333,0.772304,True,0.574125,True,90,0.533333,0.589682,True,0.574125,True,90,0.533333,0.607134,True,0.574125,True,90,0.533333,0.607134,True,,,,,,
HYPE,7d,up,0.100,90,37,0.411111,0.46399905,0.886,0.329609,0.497802,False,1.0325,0.466089,True,90,0.411111,0.511978,True,0.466089,True,90,0.411111,0.580553,True,0.466089,True,90,0.411111,0.511978,True,0.525850,True,90,0.411111,0.722881,True,0.465547,True,90,0.411111,0.500430,True,0.466089,True,90,0.411111,0.511978,True,0.466089,True,90,0.411111,0.511978,True,,,,,,
HYPE,7d,up,0.150,90,25,0.277778,0.29420646,0.944,0.207472,0.361055,False,1.0325,0.317409,True,90,0.277778,0.376097,True,0.316403,True,90,0.277778,0.419286,True,0.316991,True,90,0.277778,0.373399,True,0.386841,True,90,0.277778,0.606219,True,0.309955,True,90,0.277778,0.363923,True,0.315920,True,90,0.277778,0.373876,True,0.315100,True,90,0.277778,0.374178,True,,,,,,
HYPE,7d,up,0.200,90,19,0.211111,0.18144562,1.163,0.149317,0.289767,False,1.0325,0.238868,True,90,0.211111,0.294461,True,0.232385,True,90,0.211111,0.315459,True,0.235158,True,90,0.211111,0.281631,True,0.297532,True,90,0.211111,0.505525,True,0.218492,True,90,0.211111,0.262376,True,0.231387,True,90,0.211111,0.285085,True,0.227464,True,90,0.211111,0.284993,True,,,,,,
BTC,1d-1h,down,0.010,177,94,0.531073,0.63820193,0.832,0.469372,0.591839,False,0.4285,0.638202,True,89,0.460674,0.621946,True,0.638202,True,89,0.460674,0.645429,True,0.638202,True,89,0.460674,0.621946,True,0.647025,True,89,0.460674,0.679772,True,0.638202,True,89,0.460674,0.621666,True,0.638202,True,89,0.460674,0.621946,True,0.638202,True,89,0.460674,0.621946,True,0.638202,True,89,0.460674,0.621415,True
BTC,1d-1h,down,0.020,177,47,0.265537,0.35237682,0.754,0.214765,0.323368,False,0.4285,0.352377,True,89,0.202247,0.339453,True,0.354069,True,89,0.202247,0.366286,True,0.352377,True,89,0.202247,0.339453,True,0.425866,True,89,0.202247,0.534660,True,0.352441,True,89,0.202247,0.338496,True,0.352377,True,89,0.202247,0.339453,True,0.352377,True,89,0.202247,0.339453,True,0.353452,True,89,0.202247,0.330956,True
BTC,1d-1h,down,0.030,177,20,0.112994,0.17262766,0.655,0.079541,0.158101,False,0.4285,0.173218,True,89,0.078652,0.174957,True,0.180365,True,89,0.078652,0.209800,True,0.173218,True,89,0.078652,0.171106,True,0.245128,True,89,0.078652,0.406819,True,0.173196,True,89,0.078652,0.175010,True,0.172972,True,89,0.078652,0.173423,True,0.172948,True,89,0.078652,0.170833,True,0.184475,True,89,0.078652,0.169936,True
BTC,1d-1h,down,0.050,177,3,0.016949,0.03443310,0.492,0.006794,0.041650,False,0.4285,0.054586,True,89,0.000000,0.085661,True,0.042498,True,89,0.000000,0.057112,True,0.054588,True,89,0.000000,0.056377,True,0.080358,True,89,0.000000,0.193617,True,0.040811,True,89,0.000000,0.042658,True,0.047170,True,89,0.000000,0.066444,True,0.042375,True,89,0.000000,0.049817,True,0.064088,True,89,0.000000,0.066510,True
BTC,1d-1h,down,0.075,177,0,0.000000,0.00527214,0.000,0.000000,0.015055,False,0.4285,0.032077,True,89,0.000000,0.057625,True,0.017552,True,89,0.000000,0.025426,True,0.032605,True,89,0.000000,0.034558,True,0.021155,True,89,0.000000,0.075203,True,0.013819,True,89,0.000000,0.017283,True,0.023118,True,89,0.000000,0.038778,True,0.014673,True,89,0.000000,0.021951,True,0.026330,True,89,0.000000,0.028663,True
BTC,1d-1h,down,0.100,177,0,0.000000,0.00112969,0.000,0.000000,0.015055,False,0.4285,0.012624,True,89,0.000000,0.020623,True,0.008928,True,89,0.000000,0.014902,True,0.013116,True,89,0.000000,0.016841,True,0.009578,True,89,0.000000,0.027765,True,0.004825,True,89,0.000000,0.007084,True,0.010281,True,89,0.000000,0.017330,True,0.008004,True,89,0.000000,0.014052,True,0.013115,True,89,0.000000,0.014717,True
BTC,1d-1h,down,0.150,177,0,0.000000,0.00005023,0.000,0.000000,0.015055,False,0.4285,0.005829,True,89,0.000000,0.012147,True,0.003868,True,89,0.000000,0.007172,True,0.004501,True,89,0.000000,0.007586,True,0.003842,True,89,0.000000,0.011352,True,0.003055,True,89,0.000000,0.006182,True,0.005473,True,89,0.000000,0.011400,True,0.005119,True,89,0.000000,0.010826,True,0.005631,True,89,0.000000,0.006780,True
BTC,1d-1h,down,0.200,177,0,0.000000,0.00000094,0.000,0.000000,0.015055,False,0.4285,0.004989,True,89,0.000000,0.010585,True,0.002995,True,89,0.000000,0.006110,True,0.003205,True,89,0.000000,0.006110,True,0.002963,True,89,0.000000,0.008625,True,0.002759,True,89,0.000000,0.005907,True,0.004873,True,89,0.000000,0.010524,True,0.004756,True,89,0.000000,0.010585,True,0.004010,True,89,0.000000,0.005393,True
BTC,1d-1h,up,0.010,177,94,0.531073,0.63516458,0.836,0.469372,0.591839,False,0.4285,0.635165,True,89,0.483146,0.619329,True,0.635165,True,89,0.483146,0.652582,True,0.635165,True,89,0.483146,0.619329,True,0.651201,True,89,0.483146,0.688724,True,0.635165,True,89,0.483146,0.626111,True,0.635165,True,89,0.483146,0.619329,True,0.635165,True,89,0.483146,0.619329,True,0.635165,True,89,0.483146,0.619459,True
BTC,1d-1h,up,0.020,177,42,0.237288,0.35448759,0.669,0.188894,0.293592,False,0.4285,0.354929,True,89,0.191011,0.340751,True,0.356819,True,89,0.191011,0.378743,True,0.354929,True,89,0.191011,0.340751,True,0.443212,True,89,0.191011,0.536000,True,0.356327,True,89,0.191011,0.351937,True,0.354929,True,89,0.191011,0.340751,True,0.354929,True,89,0.191011,0.340751,True,0.354508,True,89,0.191011,0.337169,True
BTC,1d-1h,up,0.030,177,21,0.118644,0.17906001,0.663,0.084295,0.164476,False,0.4285,0.189772,True,89,0.101124,0.187459,True,0.201385,True,89,0.101124,0.220364,True,0.189772,True,89,0.101124,0.187459,True,0.264954,True,89,0.101124,0.417474,True,0.193920,True,89,0.101124,0.186594,True,0.188985,True,89,0.101124,0.185351,True,0.187525,True,89,0.101124,0.181422,True,0.183568,True,89,0.101124,0.175893,True
BTC,1d-1h,up,0.050,177,9,0.050847,0.03985664,1.276,0.029819,0.085401,False,0.4285,0.079149,True,89,0.067416,0.084830,True,0.072756,True,89,0.067416,0.069722,True,0.079149,True,89,0.067416,0.076639,True,0.103806,True,89,0.067416,0.200736,True,0.064900,True,89,0.067416,0.053321,False,0.070941,True,89,0.067416,0.070085,True,0.058799,True,89,0.067416,0.053260,False,0.063217,True,89,0.067416,0.070984,True
BTC,1d-1h,up,0.075,177,3,0.016949,0.00702010,2.414,0.006794,0.041650,False,0.4285,0.052036,True,89,0.033708,0.052039,True,0.036327,True,89,0.033708,0.024314,False,0.052036,True,89,0.033708,0.034788,True,0.038828,True,89,0.033708,0.077453,True,0.032968,True,89,0.033708,0.019035,False,0.035131,True,89,0.033708,0.037243,True,0.025881,True,89,0.033708,0.024331,False,0.025976,True,89,0.033708,0.028931,False
BTC,1d-1h,up,0.100,177,0,0.000000,0.00176161,0.000,0.000000,0.015055,False,0.4285,0.032957,True,89,0.000000,0.028091,True,0.025220,True,89,0.000000,0.013452,True,0.032957,True,89,0.000000,0.021731,True,0.022258,True,89,0.000000,0.032092,True,0.024178,True,89,0.000000,0.013032,True,0.023357,True,89,0.000000,0.023766,True,0.020443,True,89,0.000000,0.019690,True,0.012645,True,89,0.000000,0.014109,True
BTC,1d-1h,up,0.150,177,0,0.000000,0.00015775,0.000,0.000000,0.015055,False,0.4285,0.020918,True,89,0.000000,0.020045,True,0.019695,True,89,0.000000,0.011559,True,0.020918,True,89,0.000000,0.015020,True,0.013998,True,89,0.000000,0.012268,True,0.019475,True,89,0.000000,0.011524,True,0.017079,True,89,0.000000,0.016876,True,0.018578,True,89,0.000000,0.018959,True,0.006720,True,89,0.000000,0.009238,True
BTC,1d-1h,up,0.200,177,0,0.000000,0.00001259,0.000,0.000000,0.015055,False,0.4285,0.019008,True,89,0.000000,0.019215,True,0.018603,True,89,0.000000,0.011249,True,0.019008,True,89,0.000000,0.012044,True,0.011700,True,89,0.000000,0.008135,True,0.018603,True,89,0.000000,0.011246,True,0.016153,True,89,0.000000,0.016592,True,0.018257,True,89,0.000000,0.018959,True,0.005893,True,89,0.000000,0.008621,True
ETH,1d-1h,down,0.010,177,106,0.598870,0.72763905,0.823,0.537224,0.657539,False,0.5792,0.727639,True,89,0.539326,0.715643,True,0.727639,True,89,0.539326,0.719974,True,0.727639,True,89,0.539326,0.715643,True,0.728125,True,89,0.539326,0.728929,True,0.727639,True,89,0.539326,0.714520,True,0.727639,True,89,0.539326,0.715643,True,0.727639,True,89,0.539326,0.715643,True,0.727639,True,89,0.539326,0.714520,True
ETH,1d-1h,down,0.020,177,71,0.401130,0.48709787,0.824,0.342461,0.462776,False,0.5792,0.487098,True,89,0.325843,0.467496,True,0.487098,True,89,0.325843,0.504435,True,0.487098,True,89,0.325843,0.467496,True,0.535995,True,89,0.325843,0.598192,True,0.487098,True,89,0.325843,0.467762,True,0.487098,True,89,0.325843,0.467496,True,0.487098,True,89,0.325843,0.467496,True,0.487098,True,89,0.325843,0.465487,True
ETH,1d-1h,down,0.030,177,40,0.225989,0.30187786,0.749,0.178631,0.281597,False,0.5792,0.301878,True,89,0.168539,0.294859,True,0.305479,True,89,0.168539,0.322560,True,0.301878,True,89,0.168539,0.294859,True,0.371597,True,89,0.168539,0.508924,True,0.301967,True,89,0.168539,0.288110,True,0.301878,True,89,0.168539,0.294859,True,0.301878,True,89,0.168539,0.294859,True,0.304368,True,89,0.168539,0.281506,True
ETH,1d-1h,down,0.050,177,8,0.045198,0.09787606,0.462,0.025652,0.078438,False,0.5792,0.102353,True,89,0.022472,0.108917,True,0.101689,True,89,0.022472,0.132026,True,0.102353,True,89,0.022472,0.096761,True,0.169297,True,89,0.022472,0.306889,True,0.099397,True,89,0.022472,0.108222,True,0.100658,True,89,0.022472,0.102975,True,0.100102,True,89,0.022472,0.097096,True,0.119287,True,89,0.022472,0.114374,True
ETH,1d-1h,down,0.075,177,2,0.011299,0.02205291,0.512,0.003746,0.033568,False,0.5792,0.049196,True,89,0.000000,0.083457,True,0.033670,True,89,0.000000,0.046244,True,0.049271,True,89,0.000000,0.052192,True,0.054325,True,89,0.000000,0.155349,True,0.031648,True,89,0.000000,0.037784,True,0.039815,True,89,0.000000,0.060994,True,0.032329,True,89,0.000000,0.043529,True,0.050139,True,89,0.000000,0.056743,True
ETH,1d-1h,down,0.100,177,1,0.005650,0.00603290,0.936,0.001261,0.024923,False,0.5792,0.032600,True,89,0.000000,0.059847,True,0.017765,True,89,0.000000,0.027382,True,0.033113,True,89,0.000000,0.037390,True,0.022514,True,89,0.000000,0.074465,True,0.013995,True,89,0.000000,0.017760,True,0.023565,True,89,0.000000,0.041278,True,0.015196,True,89,0.000000,0.024060,True,0.026594,True,89,0.000000,0.029997,True
ETH,1d-1h,down,0.150,177,0,0.000000,0.00073224,0.000,0.000000,0.015055,False,0.5792,0.008902,True,89,0.000000,0.014768,True,0.006847,True,89,0.000000,0.012268,True,0.008705,True,89,0.000000,0.012136,True,0.007196,True,89,0.000000,0.022839,True,0.004411,True,89,0.000000,0.007440,True,0.007792,True,89,0.000000,0.013680,True,0.006698,True,89,0.000000,0.012818,True,0.010136,True,89,0.000000,0.012224,True
ETH,1d-1h,down,0.200,177,0,0.000000,0.00010211,0.000,0.000000,0.015055,False,0.5792,0.005934,True,89,0.000000,0.012090,True,0.003778,True,89,0.000000,0.007362,True,0.004555,True,89,0.000000,0.007574,True,0.003854,True,89,0.000000,0.012326,True,0.002983,True,89,0.000000,0.006257,True,0.005509,True,89,0.000000,0.011572,True,0.005111,True,89,0.000000,0.011155,True,0.005494,True,89,0.000000,0.006950,True
ETH,1d-1h,up,0.010,177,113,0.638418,0.72300411,0.883,0.577345,0.695323,False,0.5792,0.723004,True,89,0.640449,0.711524,True,0.723004,True,89,0.640449,0.718394,True,0.723004,True,89,0.640449,0.711524,True,0.724433,True,89,0.640449,0.737931,True,0.723004,True,89,0.640449,0.722387,True,0.723004,True,89,0.640449,0.711524,True,0.723004,True,89,0.640449,0.711524,True,0.723004,True,89,0.640449,0.711799,True
ETH,1d-1h,up,0.020,177,68,0.384181,0.48586040,0.791,0.326217,0.445632,False,0.5792,0.485860,True,89,0.382022,0.466746,True,0.485860,True,89,0.382022,0.518877,True,0.485860,True,89,0.382022,0.466746,True,0.549242,True,89,0.382022,0.605140,True,0.485860,True,89,0.382022,0.472364,True,0.485860,True,89,0.382022,0.466746,True,0.485860,True,89,0.382022,0.466746,True,0.485860,True,89,0.382022,0.466766,True
ETH,1d-1h,up,0.030,177,32,0.180791,0.30644402,0.590,0.138132,0.233061,False,0.5792,0.307790,True,89,0.146067,0.298910,True,0.312067,True,89,0.146067,0.337740,True,0.307790,True,89,0.146067,0.298910,True,0.392396,True,89,0.146067,0.508658,True,0.310568,True,89,0.146067,0.299007,True,0.307785,True,89,0.146067,0.298886,True,0.307774,True,89,0.146067,0.298878,True,0.306560,True,89,0.146067,0.293561,True
ETH,1d-1h,up,0.050,177,13,0.073446,0.10742771,0.684,0.047222,0.112515,False,0.5792,0.132136,True,89,0.089888,0.133623,True,0.138553,True,89,0.089888,0.155162,True,0.132136,True,89,0.089888,0.132498,True,0.196384,True,89,0.089888,0.334725,True,0.126189,True,89,0.089888,0.108225,True,0.129743,True,89,0.089888,0.126765,True,0.124802,True,89,0.089888,0.118465,True,0.119849,True,89,0.089888,0.122321,True
ETH,1d-1h,up,0.075,177,7,0.039548,0.02776730,1.424,0.021582,0.071379,False,0.5792,0.073772,True,89,0.044944,0.079678,True,0.062299,True,89,0.044944,0.054755,True,0.073772,True,89,0.044944,0.067182,True,0.083856,True,89,0.044944,0.162122,True,0.053537,True,89,0.044944,0.042494,False,0.062382,True,89,0.044944,0.063281,True,0.049671,True,89,0.044944,0.049403,True,0.051160,True,89,0.044944,0.058818,True
ETH,1d-1h,up,0.100,177,1,0.005650,0.00853165,0.662,0.001261,0.024923,False,0.5792,0.053742,True,89,0.011236,0.055157,True,0.037890,True,89,0.011236,0.027350,True,0.053742,True,89,0.011236,0.036878,True,0.041559,True,89,0.011236,0.082877,True,0.034488,True,89,0.011236,0.021835,True,0.036676,True,89,0.011236,0.039572,True,0.027132,True,89,0.011236,0.025765,True,0.027797,True,89,0.011236,0.032667,True
ETH,1d-1h,up,0.150,177,1,0.005650,0.00139869,4.039,0.001261,0.024923,False,0.5792,0.027528,True,89,0.011236,0.024101,True,0.023172,True,89,0.011236,0.014805,True,0.027528,True,89,0.011236,0.020287,True,0.019634,True,89,0.011236,0.027349,True,0.022195,True,89,0.011236,0.013127,True,0.020947,True,89,0.011236,0.020871,True,0.020188,True,89,0.011236,0.021553,True,0.010617,True,89,0.011236,0.013052,True
ETH,1d-1h,up,0.200,177,1,0.005650,0.00031741,17.799,0.001261,0.024923,True,0.5792,0.021431,True,89,0.011236,0.021101,True,0.019967,True,89,0.011236,0.012371,True,0.021431,True,89,0.011236,0.016186,True,0.014503,True,89,0.011236,0.015503,True,0.019817,True,89,0.011236,0.011983,True,0.017167,True,89,0.011236,0.017689,True,0.018452,True,89,0.011236,0.019293,True,0.007314,True,89,0.011236,0.010230,False
SOL,1d-1h,down,0.010,177,122,0.689266,0.74629050,0.924,0.629559,0.743273,False,0.6268,0.746290,True,89,0.674157,0.741283,True,0.746290,True,89,0.674157,0.748960,True,0.746290,True,89,0.674157,0.741283,True,0.747203,True,89,0.674157,0.757041,True,0.746290,True,89,0.674157,0.738868,True,0.746290,True,89,0.674157,0.741283,True,0.746290,True,89,0.674157,0.741283,True,0.746290,True,89,0.674157,0.738868,True
SOL,1d-1h,down,0.020,177,79,0.446328,0.51931449,0.859,0.386135,0.508137,False,0.6268,0.519314,True,89,0.415730,0.511119,True,0.519314,True,89,0.415730,0.551530,True,0.519314,True,89,0.415730,0.511119,True,0.555780,True,89,0.415730,0.626561,True,0.519314,True,89,0.415730,0.508300,True,0.519314,True,89,0.415730,0.511119,True,0.519314,True,89,0.415730,0.511119,True,0.519314,True,89,0.415730,0.507553,True
SOL,1d-1h,down,0.030,177,46,0.259887,0.33945321,0.766,0.209568,0.317436,False,0.6268,0.339453,True,89,0.202247,0.332162,True,0.342396,True,89,0.202247,0.365995,True,0.339453,True,89,0.202247,0.332162,True,0.411459,True,89,0.202247,0.531366,True,0.339622,True,89,0.202247,0.344102,True,0.339453,True,89,0.202247,0.332162,True,0.339453,True,89,0.202247,0.332162,True,0.341585,True,89,0.202247,0.330372,True
SOL,1d-1h,down,0.050,177,13,0.073446,0.12577672,0.584,0.047222,0.112515,False,0.6268,0.129932,True,89,0.056180,0.139619,True,0.131766,True,89,0.056180,0.176240,True,0.129932,True,89,0.056180,0.131763,True,0.196033,True,89,0.056180,0.368674,True,0.127559,True,89,0.056180,0.159192,True,0.128366,True,89,0.056180,0.134612,True,0.127632,True,89,0.056180,0.131200,True,0.141460,True,89,0.056180,0.137605,True
SOL,1d-1h,down,0.075,177,2,0.011299,0.03108179,0.364,0.003746,0.033568,False,0.6268,0.051611,True,89,0.000000,0.080624,True,0.039434,True,89,0.000000,0.057232,True,0.051711,True,89,0.000000,0.054756,True,0.074314,True,89,0.000000,0.191051,True,0.037408,True,89,0.000000,0.042147,True,0.044417,True,89,0.000000,0.064651,True,0.039125,True,89,0.000000,0.048603,True,0.059353,True,89,0.000000,0.063523,True
SOL,1d-1h,down,0.100,177,2,0.011299,0.00744618,1.517,0.003746,0.033568,False,0.6268,0.034453,True,89,0.000000,0.064423,True,0.019992,True,89,0.000000,0.029162,True,0.034792,True,89,0.000000,0.037244,True,0.027670,True,89,0.000000,0.105232,True,0.017191,True,89,0.000000,0.022265,True,0.025494,True,89,0.000000,0.043558,True,0.017329,True,89,0.000000,0.026003,True,0.031349,True,89,0.000000,0.036534,True
SOL,1d-1h,down,0.150,177,0,0.000000,0.00052788,0.000,0.000000,0.015055,False,0.6268,0.011916,True,89,0.000000,0.020134,True,0.007914,True,89,0.000000,0.014235,True,0.012103,True,89,0.000000,0.016224,True,0.008123,True,89,0.000000,0.025790,True,0.004379,True,89,0.000000,0.007023,True,0.009437,True,89,0.000000,0.016765,True,0.007110,True,89,0.000000,0.013799,True,0.011611,True,89,0.000000,0.014189,True
SOL,1d-1h,down,0.200,177,0,0.000000,0.00003661,0.000,0.000000,0.015055,False,0.6268,0.006013,True,89,0.000000,0.011997,True,0.004334,True,89,0.000000,0.008153,True,0.004986,True,89,0.000000,0.008503,True,0.004175,True,89,0.000000,0.012415,True,0.003029,True,89,0.000000,0.005907,True,0.005609,True,89,0.000000,0.011409,True,0.005211,True,89,0.000000,0.010947,True,0.006292,True,89,0.000000,0.007902,True
SOL,1d-1h,up,0.010,177,121,0.683616,0.74130497,0.922,0.623721,0.737982,False,0.6268,0.741305,True,89,0.662921,0.737023,True,0.741305,True,89,0.662921,0.746679,True,0.741305,True,89,0.662921,0.737023,True,0.743395,True,89,0.662921,0.764703,True,0.741305,True,89,0.662921,0.745468,True,0.741305,True,89,0.662921,0.737023,True,0.741305,True,89,0.662921,0.737023,True,0.741305,True,89,0.662921,0.737616,True
SOL,1d-1h,up,0.020,177,71,0.401130,0.51706636,0.776,0.342461,0.462776,False,0.6268,0.517066,True,89,0.382022,0.507779,True,0.517066,True,89,0.382022,0.563708,True,0.517066,True,89,0.382022,0.507779,True,0.568411,True,89,0.382022,0.631315,True,0.517066,True,89,0.382022,0.510654,True,0.517066,True,89,0.382022,0.507779,True,0.517066,True,89,0.382022,0.507779,True,0.517066,True,89,0.382022,0.507691,True
SOL,1d-1h,up,0.030,177,47,0.265537,0.34280039,0.775,0.214765,0.323368,False,0.6268,0.344730,True,89,0.258427,0.338951,True,0.347523,True,89,0.258427,0.379733,True,0.344730,True,89,0.258427,0.338951,True,0.430696,True,89,0.258427,0.530734,True,0.345627,True,89,0.258427,0.352050,True,0.344730,True,89,0.258427,0.338951,True,0.344730,True,89,0.258427,0.338951,True,0.342920,True,89,0.258427,0.333376,True
SOL,1d-1h,up,0.050,177,22,0.124294,0.13586860,0.915,0.089076,0.170824,False,0.6268,0.155601,True,89,0.123596,0.166366,True,0.163019,True,89,0.123596,0.189576,True,0.155601,True,89,0.123596,0.165032,True,0.222217,True,89,0.123596,0.383373,True,0.152063,True,89,0.123596,0.149279,True,0.154229,True,89,0.123596,0.162518,True,0.150339,True,89,0.123596,0.159157,True,0.144675,True,89,0.123596,0.145824,True
SOL,1d-1h,up,0.075,177,9,0.050847,0.03903486,1.303,0.029819,0.085401,False,0.6268,0.078080,True,89,0.067416,0.085476,True,0.071417,True,89,0.067416,0.072457,True,0.078080,True,89,0.067416,0.080350,True,0.101979,True,89,0.067416,0.208707,True,0.063907,True,89,0.067416,0.056277,False,0.069189,True,89,0.067416,0.073310,True,0.057978,True,89,0.067416,0.055447,False,0.060898,True,89,0.067416,0.070181,True
SOL,1d-1h,up,0.100,177,2,0.011299,0.01132270,0.998,0.003746,0.033568,False,0.6268,0.056767,True,89,0.022472,0.059295,True,0.043308,True,89,0.022472,0.035812,True,0.056767,True,89,0.022472,0.042548,True,0.051646,True,89,0.022472,0.108309,True,0.037190,True,89,0.022472,0.027514,True,0.042046,True,89,0.022472,0.042010,True,0.031576,True,89,0.022472,0.030514,True,0.032554,True,89,0.022472,0.040277,True
SOL,1d-1h,up,0.150,177,0,0.000000,0.00125533,0.000,0.000000,0.015055,False,0.6268,0.033241,True,89,0.000000,0.030824,True,0.025055,True,89,0.000000,0.013441,True,0.033241,True,89,0.000000,0.022001,True,0.021737,True,89,0.000000,0.035068,True,0.024288,True,89,0.000000,0.012437,True,0.022815,True,89,0.000000,0.025466,True,0.019498,True,89,0.000000,0.019633,True,0.012859,True,89,0.000000,0.015099,True
SOL,1d-1h,up,0.200,177,0,0.000000,0.00018672,0.000,0.000000,0.015055,False,0.6268,0.022712,True,89,0.000000,0.020941,True,0.020322,True,89,0.000000,0.011594,True,0.022712,True,89,0.000000,0.016549,True,0.015040,True,89,0.000000,0.016017,True,0.020177,True,89,0.000000,0.011518,True,0.017758,True,89,0.000000,0.017749,True,0.018539,True,89,0.000000,0.018959,True,0.007650,True,89,0.000000,0.009995,True
HYPE,1d-1h,down,0.010,177,137,0.774011,0.82406345,0.939,0.718403,0.821369,False,0.9190,0.824063,True,89,0.741573,0.827429,True,0.824063,True,89,0.741573,0.827429,True,0.824063,True,89,0.741573,0.827429,True,0.824063,True,89,0.741573,0.827429,True,0.824063,True,89,0.741573,0.812009,True,0.824063,True,89,0.741573,0.827429,True,0.824063,True,89,0.741573,0.827429,True,0.824063,True,89,0.741573,0.812009,True
HYPE,1d-1h,down,0.020,177,92,0.519774,0.65590215,0.792,0.458173,0.580779,False,0.9190,0.655902,True,89,0.505618,0.633635,True,0.655902,True,89,0.505618,0.653509,True,0.655902,True,89,0.505618,0.633635,True,0.662969,True,89,0.505618,0.680831,True,0.655902,True,89,0.505618,0.633085,True,0.655902,True,89,0.505618,0.633635,True,0.655902,True,89,0.505618,0.633635,True,0.655902,True,89,0.505618,0.633085,True
HYPE,1d-1h,down,0.030,177,69,0.389831,0.50508635,0.772,0.331624,0.451355,False,0.9190,0.505086,True,89,0.382022,0.476130,True,0.505086,True,89,0.382022,0.513853,True,0.505086,True,89,0.382022,0.476130,True,0.547976,True,89,0.382022,0.605799,True,0.505086,True,89,0.382022,0.476072,True,0.505086,True,89,0.382022,0.476130,True,0.505086,True,89,0.382022,0.476130,True,0.505086,True,89,0.382022,0.474054,True
HYPE,1d-1h,down,0.050,177,28,0.158192,0.27553331,0.574,0.118267,0.208409,False,0.9190,0.275533,True,89,0.134831,0.254113,True,0.279305,True,89,0.134831,0.287362,True,0.275533,True,89,0.134831,0.253741,True,0.351438,True,89,0.134831,0.480061,True,0.275945,True,89,0.134831,0.254910,True,0.275533,True,89,0.134831,0.254113,True,0.275533,True,89,0.134831,0.254113,True,0.279880,True,89,0.134831,0.244106,True
HYPE,1d-1h,down,0.075,177,8,0.045198,0.11648125,0.388,0.025652,0.078438,False,0.9190,0.122571,True,89,0.011236,0.114148,True,0.121869,True,89,0.011236,0.138094,True,0.122571,True,89,0.011236,0.102234,True,0.182412,True,89,0.011236,0.318019,True,0.118389,True,89,0.011236,0.114491,True,0.120444,True,89,0.011236,0.108386,True,0.119395,True,89,0.011236,0.102465,True,0.136200,True,89,0.011236,0.117098,True
HYPE,1d-1h,down,0.100,177,3,0.016949,0.04651006,0.364,0.006794,0.041650,False,0.9190,0.065318,True,89,0.000000,0.089050,True,0.054838,True,89,0.000000,0.061352,True,0.065318,True,89,0.000000,0.060322,True,0.095462,True,89,0.000000,0.202014,True,0.053336,True,89,0.000000,0.047321,True,0.058695,True,89,0.000000,0.070843,True,0.053670,True,89,0.000000,0.053314,True,0.071632,True,89,0.000000,0.068879,True
HYPE,1d-1h,down,0.150,177,1,0.005650,0.00703683,0.803,0.001261,0.024923,False,0.9190,0.030461,True,89,0.000000,0.058461,True,0.018061,True,89,0.000000,0.026705,True,0.030939,True,89,0.000000,0.036189,True,0.024727,True,89,0.000000,0.075257,True,0.014771,True,89,0.000000,0.018384,True,0.023512,True,89,0.000000,0.040263,True,0.016541,True,89,0.000000,0.023799,True,0.028023,True,89,0.000000,0.029544,True
HYPE,1d-1h,down,0.200,177,0,0.000000,0.00128435,0.000,0.000000,0.015055,False,0.9190,0.016664,True,89,0.000000,0.019486,True,0.009389,True,89,0.000000,0.015646,True,0.016696,True,89,0.000000,0.016325,True,0.009961,True,89,0.000000,0.028686,True,0.006776,True,89,0.000000,0.008964,True,0.012385,True,89,0.000000,0.016827,True,0.008333,True,89,0.000000,0.014351,True,0.013967,True,89,0.000000,0.014824,True
HYPE,1d-1h,up,0.010,177,140,0.790960,0.81760914,0.967,0.736495,0.836665,False,0.9190,0.817609,True,89,0.730337,0.824975,True,0.817609,True,89,0.730337,0.824975,True,0.817609,True,89,0.730337,0.824975,True,0.817609,True,89,0.730337,0.830268,True,0.817609,True,89,0.730337,0.811081,True,0.817609,True,89,0.730337,0.824975,True,0.817609,True,89,0.730337,0.824975,True,0.817609,True,89,0.730337,0.828759,True
HYPE,1d-1h,up,0.020,177,105,0.593220,0.64923806,0.914,0.531526,0.652108,False,0.9190,0.649238,True,89,0.494382,0.627920,True,0.649238,True,89,0.494382,0.657523,True,0.649238,True,89,0.494382,0.627920,True,0.663847,True,89,0.494382,0.690045,True,0.649238,True,89,0.494382,0.635384,True,0.649238,True,89,0.494382,0.627920,True,0.649238,True,89,0.494382,0.627920,True,0.649238,True,89,0.494382,0.628054,True
HYPE,1d-1h,up,0.030,177,78,0.440678,0.50232092,0.877,0.380648,0.502495,False,0.9190,0.502321,True,89,0.370787,0.474198,True,0.502321,True,89,0.370787,0.528184,True,0.502321,True,89,0.370787,0.474198,True,0.559982,True,89,0.370787,0.612100,True,0.502321,True,89,0.370787,0.481001,True,0.502321,True,89,0.370787,0.474198,True,0.502321,True,89,0.370787,0.474198,True,0.502321,True,89,0.370787,0.474218,True
HYPE,1d-1h,up,0.050,177,48,0.271186,0.28341640,0.957,0.219973,0.329289,False,0.9190,0.289597,True,89,0.191011,0.270146,True,0.294377,True,89,0.191011,0.309357,True,0.289597,True,89,0.191011,0.270146,True,0.377227,True,89,0.191011,0.489789,True,0.288905,True,89,0.191011,0.260513,True,0.289591,True,89,0.191011,0.270133,True,0.289589,True,89,0.191011,0.270133,True,0.284125,True,89,0.191011,0.261386,True
HYPE,1d-1h,up,0.075,177,22,0.124294,0.13056163,0.952,0.089076,0.170824,False,0.9190,0.151501,True,89,0.067416,0.143385,True,0.155333,True,89,0.067416,0.164080,True,0.151501,True,89,0.067416,0.142981,True,0.215535,True,89,0.067416,0.346381,True,0.145656,True,89,0.067416,0.117309,True,0.149231,True,89,0.067416,0.137456,True,0.144252,True,89,0.067416,0.130395,True,0.141539,True,89,0.067416,0.127337,True
HYPE,1d-1h,up,0.100,177,9,0.050847,0.05929316,0.858,0.029819,0.085401,False,0.9190,0.096098,True,89,0.011236,0.090733,True,0.092027,True,89,0.011236,0.082546,True,0.096098,True,89,0.011236,0.082363,True,0.129673,True,89,0.011236,0.219125,True,0.081108,True,89,0.011236,0.065270,True,0.088252,True,89,0.011236,0.075613,True,0.079137,True,89,0.011236,0.059662,True,0.078183,True,89,0.011236,0.078464,True
HYPE,1d-1h,up,0.150,177,3,0.016949,0.01278119,1.326,0.006794,0.041650,False,0.9190,0.055669,True,89,0.011236,0.057253,True,0.042154,True,89,0.011236,0.030337,True,0.055669,True,89,0.011236,0.039255,True,0.053091,True,89,0.011236,0.091128,True,0.038760,True,89,0.011236,0.024189,True,0.041961,True,89,0.011236,0.040727,True,0.031944,True,89,0.011236,0.027767,True,0.033357,True,89,0.011236,0.035358,True
HYPE,1d-1h,up,0.200,177,1,0.005650,0.00320402,1.763,0.001261,0.024923,False,0.9190,0.039288,True,89,0.011236,0.034887,True,0.028979,True,89,0.011236,0.016518,True,0.039288,True,89,0.011236,0.025807,True,0.027743,True,89,0.011236,0.043929,True,0.026784,True,89,0.011236,0.015289,True,0.026760,True,89,0.011236,0.029004,True,0.021512,True,89,0.011236,0.021877,True,0.017726,True,89,0.011236,0.017907,True
